SD8 4/16 5:30pm
SD8 4/17 3:20pm
SD8 4/23 2:40pm
SD8 4/29 4:00pm
SD8 6/6 3:30pm
3080,28,59,1024
2827,28,59,1024
62870,28,57,1024
122913,28,56,1024
182955,28,45,1024
242997,27,57,1024
303039,27,52,1024
363081,27,48,1024
423123,27,53,1024
483165,28,48,1024
543212,27,51,1024
603254,27,57,1024
663296,27,56,1024
723338,27,57,1024
783380,27,55,1024
843422,27,52,1024
903464,28,49,1024
963506,28,47,1024
1023548,28,51,1024
1083590,28,53,1024
1143632,28,54,1024
1203674,28,55,1024
1263716,29,58,1024
1323941,29,57,1024
1384230,29,56,1024
1444366,29,55,1024
1504408,29,60,1024
1564450,29,51,1024
1624492,29,38,1024
1684534,28,52,1024
1744576,27,43,1024
1831638,27,45,1024
1891680,26,56,1024
1951722,27,56,1024
2011764,27,57,1024
2071806,27,57,1024
2131848,28,57,1024
2191890,28,56,1024
2251932,28,52,1024
2311974,29,51,1024
2372016,29,50,1024
2432058,29,48,1024
2492100,29,48,1024
2552143,29,48,1024
2612185,29,53,1024
2672227,30,43,1024
2732269,29,51,1024
2792311,28,50,1024
2852353,28,50,1024
2912401,28,51,1024
2972443,28,51,1024
3032485,28,48,1024
3092527,29,47,1024
3152572,29,45,1024
3212617,29,44,1024
3272659,29,42,1024
3332702,29,49,1024
3392744,29,57,1024
3452786,28,58,1024
3512829,29,61,1024
3572989,28,59,1024
3633217,29,59,1024
3693260,30,55,1024
3753302,29,54,1024
3813344,29,51,1024
3873386,30,41,1024
3933428,28,56,1024
3993470,28,44,1024
4053512,28,41,1024
4113554,28,44,1024
4173596,28,44,1024
4233638,27,51,1024
4293680,27,55,1024
4353722,27,57,1024
4413764,28,57,1024
4473804,28,56,1024
4533846,29,57,1024
4593888,29,55,1024
4653930,29,54,1024
4713972,29,53,1024
4774014,29,52,1024
4834056,30,55,1024
4894098,29,48,1024
4954145,28,50,1024
5014187,28,48,1024
5074229,28,54,1024
5134271,27,56,1024
5194313,27,58,1024
5254355,27,60,1024
5314397,28,60,1024
5374439,27,57,1024
5434481,28,54,1024
5494524,29,52,1024
5554566,29,50,1024
5614608,29,48,1024
5674650,29,47,1024
5734692,29,51,1024
5794734,28,38,1024
5854776,28,46,1024
5914818,27,51,1024
5974867,27,55,1024
6034909,27,60,1024
6094951,28,60,1024
6154993,28,58,1024
6215035,28,56,1024
6275077,29,54,1024
6335119,29,52,1024
6395161,29,51,1024
6455203,29,52,1024
6515245,29,36,1024
6575287,28,49,1024
6635329,27,40,1024
6695371,27,57,1024
6755413,27,62,1024
6815455,26,68,1024
6875497,26,69,1024
6935545,26,70,1024
6995587,27,68,1024
7055629,27,66,1024
7115671,28,65,1024
7175713,28,62,1024
7235755,29,60,1024
7295798,28,58,1024
7355840,29,56,1024
7415882,29,54,1024
7475925,29,51,1024
7535973,29,50,1024
7596015,29,43,1024
7656057,28,37,1024
7716099,27,53,1024
7776141,27,52,1024
7836183,26,62,1024
7896225,26,63,1024
7956267,26,63,1024
8016309,27,63,1024
8076351,27,61,1024
8136393,27,59,1024
8196435,28,58,1024
8256477,28,55,1024
8316519,29,55,1024
8376561,29,54,1024
8436603,29,51,1024
8496645,28,49,1024
8556687,29,48,1024
8616729,29,46,1024
8676771,28,50,1024
8736813,27,41,1024
8796855,26,57,1024
8856897,26,60,1024
8916939,26,60,1024
8977099,26,58,1024
9037454,26,58,1024
9097500,26,57,1024
9157545,26,53,1024
9217587,27,52,1024
9277629,27,50,1024
9337671,27,48,1024
9397713,27,46,1024
9457755,27,55,1024
9517915,26,60,1024
9578142,26,60,1024
9638336,26,60,1024
9698378,26,59,1024
9758420,27,59,1024
9818462,27,58,1024
9878504,27,56,1024
9938546,27,54,1024
9998588,27,53,1024
10058630,27,52,1024
10118672,27,53,1024
10178714,27,56,1024
10238756,26,66,1024
10298799,26,66,1024
10358841,26,66,1024
10418883,26,65,1024
10478925,26,65,1024
10538967,26,64,1024
10599007,26,63,1024
10659049,26,61,1024
10719091,26,60,1024
10779133,27,60,1024
10839177,26,59,1024
10899220,26,58,1024
10959262,27,57,1024
11019304,26,56,1024
11079346,26,54,1024
11139388,27,51,1024
11199430,27,50,1024
11259472,27,56,1024
11319514,25,61,1024
11379556,26,64,1024
11439598,26,63,1024
11499640,26,62,1024
11559682,26,60,1024
11619724,27,58,1024
11679766,27,55,1024
11739808,27,54,1024
11799850,27,50,1024
11859892,27,49,1024
11919934,27,47,1024
11979976,27,47,1024
12040025,27,46,1024
12100067,27,57,1024
12160109,26,62,1024
12220151,26,61,1024
12280193,26,60,1024
12340235,26,60,1024
12400277,26,60,1024
12460319,26,59,1024
12520361,27,56,1024
12580403,26,55,1024
12640447,27,52,1024
12700490,27,52,1024
12760532,27,50,1024
12820574,27,50,1024
12880616,27,49,1024
12940658,27,49,1024
13000700,27,47,1024
13060745,27,49,1024
13120790,26,63,1024
13180832,26,67,1024
13240874,25,66,1024
13300916,25,64,1024
13360958,26,65,1024
13421000,26,62,1024
13481049,26,62,1024
13541091,26,61,1024
13601133,26,57,1024
13661175,26,56,1024
13721217,26,56,1024
13781259,26,56,1024
13841301,25,53,1024
13901343,26,54,1024
13961385,26,54,1024
14021427,25,54,1024
14081469,26,54,1024
14141511,25,59,1024
14201553,25,64,1024
14261595,25,69,1024
14321637,25,69,1024
14381679,25,67,1024
14441723,25,67,1024
14501922,25,66,1024
14561966,25,64,1024
14622008,25,61,1024
14682050,25,61,1024
14742092,25,60,1024
14802134,25,57,1024
14862176,25,58,1024
14922218,25,58,1024
14982266,25,56,1024
15042308,25,56,1024
15102350,25,56,1024
15162392,25,55,1024
15222434,25,55,1024
15282476,25,55,1024
15342518,25,54,1024
15402560,25,54,1024
15462602,24,53,1024
15522644,25,53,1024
15582686,25,52,1024
15642728,26,52,1024
15702770,25,52,1024
15762812,25,51,1024
15822854,25,51,1024
15882896,25,51,1024
15942938,25,50,1024
16002980,25,50,1024
16063022,25,50,1024
16123064,25,51,1024
16183106,25,62,1024
16243150,24,66,1024
16303193,24,68,1024
16363235,24,68,1024
16423284,24,65,1024
16483326,23,61,1024
16543369,24,63,1024
16603411,24,62,1024
16663453,24,61,1024
16723495,24,59,1024
16783537,24,59,1024
16843579,24,58,1024
16903621,24,58,1024
16963663,24,58,1024
17023705,24,57,1024
17083747,24,57,1024
17143789,24,57,1024
17203831,24,57,1024
17263873,24,56,1024
17323915,24,56,1024
17383957,24,56,1024
17443999,24,56,1024
17504041,24,56,1024
17564083,24,55,1024
17624125,24,55,1024
17684167,24,54,1024
17744210,24,54,1024
17804252,24,54,1024
17864300,24,54,1024
17924342,24,54,1024
17984384,24,52,1024
18044428,24,53,1024
18104470,24,53,1024
18164512,24,53,1024
18224554,24,52,1024
18284596,24,52,1024
18344638,24,53,1024
18404680,24,52,1024
18464722,24,52,1024
18524764,24,52,1024
18584807,24,52,1024
18644849,24,61,1024
18704891,24,66,1024
18764933,23,66,1024
18824975,23,63,1024
18885017,23,61,1024
18945059,23,62,1024
19005101,23,64,1024
19065143,23,63,1024
19125185,23,62,1024
19185227,23,63,1024
19245269,23,62,1024
19305311,23,62,1024
19365477,23,62,1024
19425612,23,61,1024
19485654,23,61,1024
19545696,22,60,1024
19605738,23,60,1024
19665780,23,60,1024
19725822,24,59,1024
19785865,23,59,1024
19845908,23,59,1024
19905950,23,58,1024
19965992,23,58,1024
20026034,23,58,1024
20086076,23,58,1024
20146118,23,58,1024
20206160,23,58,1024
20266202,23,57,1024
20326244,23,57,1024
20386286,23,57,1024
20446328,23,57,1024
20506370,23,56,1024
20566412,23,57,1024
20626454,23,56,1024
20686496,23,56,1024
20746538,23,56,1024
20806586,23,56,1024
20866628,23,56,1024
20926671,23,56,1024
20986713,23,56,1024
21046755,23,56,1024
21106797,23,56,1024
21166839,23,56,1024
21226881,23,56,1024
21287040,23,56,1024
21347231,23,55,1024
21407275,23,55,1024
21467317,23,55,1024
21527359,23,55,1024
21587401,23,55,1024
21647445,23,55,1024
21707488,23,55,1024
21767530,23,55,1024
21827572,23,55,1024
21887614,23,55,1024
21947656,23,54,1024
22007698,23,54,1024
22067740,23,54,1024
22127782,22,62,1024
22187824,22,70,1024
22247866,22,69,1024
22307923,22,66,1024
22367969,22,68,1024
22428015,22,68,1024
22488061,21,66,1024
22548107,22,67,1024
22608154,21,66,1024
22668201,22,67,1024
22728248,22,66,1024
22788295,22,66,1024
22848342,22,66,1024
22908389,22,66,1024
22968436,22,65,1024
23028483,22,65,1024
23088530,22,65,1024
23148577,22,65,1024
23208624,22,65,1024
23268671,22,65,1024
23328718,22,65,1024
23388765,22,64,1024
23448814,22,64,1024
23508860,22,64,1024
23568906,22,64,1024
23628952,22,64,1024
23688998,22,63,1024
23749049,22,63,1024
23809091,22,64,1024
23869133,21,62,1024
23929175,22,63,1024
23989217,22,63,1024
24049259,22,63,1024
24109301,22,62,1024
24169343,22,62,1024
24229385,22,62,1024
24289427,22,62,1024
24349469,22,62,1024
24409511,22,62,1024
24469553,22,62,1024
24529595,22,63,1024
24589637,22,63,1024
24649679,22,63,1024
24709721,22,63,1024
24769763,22,64,1024
24829805,22,64,1024
24889847,22,64,1024
24949889,22,64,1024
25009931,22,64,1024
25069975,22,65,1024
25130020,22,65,1024
25190068,22,65,1024
25250112,21,64,1024
25310154,22,65,1024
25370196,21,64,1024
25430238,21,64,1024
25490280,21,64,1024
25550322,21,64,1024
25610364,21,65,1024
25670406,21,65,1024
25730448,21,65,1024
25790490,21,65,1024
25850532,21,66,1024
25910574,21,66,1024
25970616,21,66,1024
26030658,21,66,1024
26090700,22,67,1024
26150742,21,66,1024
26210784,21,66,1024
26270826,21,67,1024
26330868,21,67,1024
26390911,21,67,1024
26450959,21,67,1024
26511001,21,67,1024
26571043,21,66,1024
26631085,21,66,1024
26691250,21,66,1024
26751427,21,66,1024
26811469,21,67,1024
26871511,21,67,1024
26931553,21,67,1024
26991595,21,67,1024
27051639,21,67,1024
27111681,21,67,1024
27171723,21,67,1024
27231765,21,67,1024
27291807,21,67,1024
27351849,21,67,1024
27411891,21,68,1024
27471933,21,68,1024
27531975,22,68,1024
27592017,21,68,1024
27652059,21,67,1024
27712101,20,66,1024
27772146,21,67,1024
27832191,21,67,1024
27892233,21,68,1024
27952275,21,67,1024
28012317,21,68,1024
28072359,21,68,1024
28132408,21,68,1024
28192450,21,68,1024
28252492,21,68,1024
28312534,21,68,1024
28372576,21,68,1024
28432735,21,68,1024
28492904,21,68,1024
28552946,21,68,1024
28612988,21,68,1024
28673030,21,68,1024
28733072,21,67,1024
28793114,21,68,1024
28853158,21,68,1024
28913200,21,68,1024
28973242,21,68,1024
29033284,21,68,1024
29093326,21,68,1024
29153374,21,68,1024
29213416,21,68,1024
29273458,21,68,1024
29333500,20,67,1024
29393542,21,68,1024
29453584,21,68,1024
29513626,20,67,1024
29573673,21,68,1024
29633715,21,68,1024
29693757,21,68,1024
29753799,20,67,1024
29813841,20,67,1024
29873883,20,67,1024
29933925,20,67,1024
29993967,20,67,1024
30054009,20,67,1024
30114051,20,67,1024
30174093,20,67,1024
30234135,20,67,1024
30294294,20,67,1024
30354478,20,67,1024
30414520,20,67,1024
30474562,20,67,1024
30534604,20,67,1024
30594646,20,67,1024
30654690,20,67,1024
30714732,20,67,1024
30774774,20,67,1024
30834816,20,67,1024
30894858,20,67,1024
30954900,21,68,1024
31014942,20,66,1024
31074991,20,66,1024
31135034,20,67,1024
31195076,20,66,1024
31255118,20,66,1024
31315160,20,67,1024
31375202,20,67,1024
31435244,20,67,1024
31495286,20,67,1024
31555328,20,67,1024
31615370,20,67,1024
31675412,20,66,1024
31735454,20,66,1024
31795496,20,67,1024
31855538,20,67,1024
31915580,20,67,1024
31975738,20,67,1024
32036018,20,66,1024
32096191,20,66,1024
32156234,20,66,1024
32216277,20,66,1024
32276319,20,66,1024
32336361,20,66,1024
32396403,20,66,1024
32456447,20,66,1024
32516495,20,66,1024
32576537,20,65,1024
32636579,20,66,1024
32696621,21,67,1024
32756663,20,66,1024
32816705,20,66,1024
32876747,21,67,1024
32936789,20,65,1024
32996831,20,65,1024
33056873,20,65,1024
33116915,20,65,1024
33176957,20,66,1024
33236999,20,65,1024
33297041,20,65,1024
33357083,20,65,1024
33417125,20,65,1024
33477167,20,65,1024
33537209,20,65,1024
33597251,20,65,1024
33657293,20,65,1024
33717335,20,65,1024
33777377,20,65,1024
33837419,20,64,1024
33897578,20,65,1024
33957749,20,65,1024
34017798,21,66,1024
34077840,20,64,1024
34137882,20,64,1024
34197924,20,64,1024
34257968,20,65,1024
34318010,20,65,1024
34378052,20,64,1024
34438094,20,65,1024
34498136,20,65,1024
34558178,20,65,1024
34618220,20,65,1024
34678262,20,65,1024
34738304,20,65,1024
34798346,20,65,1024
34858389,19,65,1024
34918431,20,65,1024
34978473,20,65,1024
35038515,20,64,1024
35098557,20,64,1024
35158599,20,64,1024
35218641,20,64,1024
35278683,20,64,1024
35338725,20,64,1024
35398767,20,64,1024
35458814,20,64,1024
35518856,20,64,1024
35578898,20,64,1024
35638940,20,64,1024
35699099,20,64,1024
35759270,20,64,1024
35819312,20,64,1024
35879354,20,64,1024
35939397,20,64,1024
35999439,20,64,1024
36059483,20,63,1024
36119525,20,63,1024
36179567,20,63,1024
36239609,20,63,1024
36299651,20,64,1024
36359693,20,64,1024
36419735,20,64,1024
36479777,20,64,1024
36539819,20,64,1024
36599861,20,64,1024
36659903,20,64,1024
36719945,20,64,1024
36779987,20,63,1024
36840029,20,64,1024
36900076,20,64,1024
36960118,20,64,1024
37020160,20,63,1024
37080202,20,63,1024
37140244,20,64,1024
37200286,20,64,1024
37260504,20,64,1024
37320620,20,64,1024
37380662,20,64,1024
37440704,20,64,1024
37500746,20,64,1024
37560788,20,64,1024
37620830,20,64,1024
37680872,20,64,1024
37740914,20,64,1024
37801134,21,66,1024
37861263,20,65,1024
37921305,20,65,1024
37981347,20,65,1024
38041389,20,65,1024
38101431,20,65,1024
38161473,20,65,1024
38221515,20,65,1024
38281557,20,65,1024
38341599,20,65,1024
38401648,20,65,1024
38461690,20,65,1024
38521732,20,64,1024
38581774,20,65,1024
38641816,20,64,1024
38701858,20,64,1024
38761900,20,64,1024
38821942,20,64,1024
38881984,20,64,1024
38942026,20,64,1024
39002185,20,65,1024
39062361,20,65,1024
39122409,20,64,1024
39182451,20,64,1024
39242493,20,64,1024
39302535,20,64,1024
39362577,20,64,1024
39422619,20,64,1024
39482661,20,65,1024
39542703,20,64,1024
39602862,20,64,1024
39662995,20,65,1024
39723037,20,65,1024
39783079,20,65,1024
39843128,21,66,1024
39903170,20,65,1024
39963212,20,65,1024
40023254,20,65,1024
40083296,20,65,1024
40143338,20,65,1024
40203380,20,65,1024
40263427,20,65,1024
40323469,20,65,1024
40383511,20,65,1024
40443553,20,65,1024
40503595,19,65,1024
40563637,20,65,1024
40623679,20,65,1024
40683721,20,65,1024
40743763,20,65,1024
40803805,20,65,1024
40864086,19,65,1024
40924198,20,65,1024
40984240,20,65,1024
41044282,20,65,1024
41104324,20,65,1024
41164366,20,65,1024
41224408,20,65,1024
41284450,20,65,1024
41344490,20,65,1024
41405926,20,65,1024
41465967,20,65,1024
41526015,20,66,1024
41586059,20,66,1024
41646101,20,66,1024
41706143,20,66,1024
41766185,20,66,1024
41826227,20,66,1024
41886269,20,66,1024
41946311,19,66,1024
42006353,20,66,1024
42066395,20,66,1024
42126437,20,66,1024
42186479,20,66,1024
42246521,20,66,1024
42306563,20,66,1024
42366606,20,66,1024
42426648,20,66,1024
42486690,20,66,1024
42546732,20,66,1024
42606774,20,66,1024
42666816,20,66,1024
42727094,19,66,1024
42787215,19,66,1024
42847257,20,66,1024
42907299,20,66,1024
42967342,19,66,1024
43027384,20,66,1024
43087426,20,66,1024
43147468,19,66,1024
43207512,20,66,1024
43267554,20,66,1024
43327596,20,66,1024
43387638,19,66,1024
43447680,20,66,1024
43507722,20,66,1024
43567764,20,66,1024
43627806,19,66,1024
43687848,20,66,1024
43747890,20,66,1024
43807932,19,66,1024
43867974,20,66,1024
43928016,20,66,1024
43988058,19,66,1024
44048100,19,66,1024
44108142,19,66,1024
44168184,20,66,1024
44228231,19,66,1024
44288273,19,67,1024
44348315,20,67,1024
44408357,19,66,1024
44468399,19,66,1024
44528441,19,67,1024
44588659,19,67,1024
44648768,19,67,1024
44708810,19,67,1024
44768852,19,67,1024
44828894,19,67,1024
44888936,19,67,1024
44948978,19,67,1024
45009023,19,67,1024
45069065,19,66,1024
45129107,19,67,1024
45189149,19,67,1024
45249191,19,67,1024
45309233,20,67,1024
45369275,19,67,1024
45429317,19,67,1024
45489359,19,67,1024
45549401,19,67,1024
45609443,19,67,1024
45669485,19,67,1024
45729555,19,66,1024
45789597,19,66,1024
45849639,19,66,1024
45909681,19,66,1024
45969723,19,66,1024
46029765,19,66,1024
46089807,19,66,1024
46149849,19,66,1024
46209891,19,66,1024
46269933,19,67,1024
46329975,19,66,1024
46390017,19,66,1024
46450059,19,67,1024
46510101,21,63,1024
46570143,22,59,1024
46630185,22,58,1024
46690227,22,59,1024
46750269,21,59,1024
46810313,21,61,1024
46870378,21,61,1024
46930420,21,62,1024
46990462,20,62,1024
47050504,20,63,1024
47110546,20,63,1024
47170698,20,63,1024
47230741,20,64,1024
47290785,20,64,1024
47350829,20,64,1024
47410873,20,64,1024
47470917,20,65,1024
47530961,20,64,1024
47591005,20,65,1024
47651049,20,64,1024
47711093,20,65,1024
47771138,20,65,1024
47831181,20,65,1024
47891225,20,65,1024
47951269,20,65,1024
48011313,19,65,1024
48071357,19,65,1024
48131402,19,65,1024
48191445,19,65,1024
48251489,19,66,1024
48311533,19,66,1024
48371577,19,66,1024
48431621,19,65,1024
48491665,19,66,1024
48551709,19,65,1024
48611761,19,65,1024
48671807,19,66,1024
48731851,19,66,1024
48791895,19,65,1024
48851939,19,65,1024
48911983,19,66,1024
48972027,19,66,1024
49032071,19,66,1024
49092115,19,66,1024
49152159,19,66,1024
49212204,19,66,1024
49272248,19,66,1024
49332292,19,66,1024
49392335,20,66,1024
49452380,19,66,1024
49512424,19,66,1024
49572468,19,66,1024
49632512,19,66,1024
49692556,19,66,1024
49752600,19,66,1024
49812644,19,66,1024
49872688,20,65,1024
49932732,20,64,1024
49992776,20,64,1024
50052820,20,64,1024
50112869,20,65,1024
50172913,20,65,1024
50232958,19,65,1024
50293005,19,65,1024
50353052,20,65,1024
50413097,19,65,1024
50473141,19,66,1024
50533185,19,66,1024
50593229,19,66,1024
50653274,19,66,1024
50713318,19,66,1024
50773362,19,66,1024
50833406,19,66,1024
50893450,19,66,1024
50953494,19,67,1024
51013538,19,67,1024
51073582,19,67,1024
51133626,19,67,1024
51193671,19,67,1024
51253714,19,67,1024
51313759,19,67,1024
51373803,19,67,1024
51433846,19,67,1024
51493890,21,62,1024
51553942,22,58,1024
51613991,22,57,1024
51674035,22,59,1024
51734200,21,59,1024
51794265,21,60,1024
51854309,21,61,1024
51914353,20,61,1024
51974397,20,62,1024
52034441,20,62,1024
52094485,20,63,1024
52154529,20,63,1024
52216758,20,64,1024
52276803,20,64,1024
52336848,19,65,1024
52396892,20,65,1024
52456937,19,65,1024
52516982,19,65,1024
52577026,20,65,1024
52637071,19,65,1024
52697116,19,65,1024
52757160,19,65,1024
52817204,20,65,1024
52877248,19,65,1024
52937293,19,66,1024
52997337,19,66,1024
53057387,19,66,1024
53117432,19,65,1024
53177476,19,65,1024
53237520,19,65,1024
53297565,20,65,1024
53357609,19,65,1024
53417654,19,65,1024
53477698,19,65,1024
53537743,19,65,1024
53597788,19,64,1024
53657831,19,64,1024
53717875,19,64,1024
53777920,19,64,1024
53837965,19,63,1024
53898010,19,63,1024
53958055,19,63,1024
54034067,19,63,1024
54094112,19,63,1024
54154156,19,63,1024
54214200,19,63,1024
54274244,19,63,1024
54334288,19,62,1024
54394332,19,62,1024
54454376,20,62,1024
54514427,19,62,1024
54574471,19,62,1024
54634515,19,62,1024
54694559,19,62,1024
54754603,19,62,1024
54814647,19,62,1024
54874691,19,62,1024
54934735,20,62,1024
54994779,19,62,1024
55054823,19,62,1024
55114868,19,62,1024
55174912,19,62,1024
55234956,19,62,1024
55295000,19,61,1024
55355044,19,61,1024
55415088,19,61,1024
55475132,19,61,1024
55535176,19,61,1024
55595220,19,61,1024
55655264,19,61,1024
55715308,19,60,1024
55775352,19,60,1024
55835576,19,60,1024
55895622,19,60,1024
55955673,20,61,1024
56015717,19,60,1024
56075761,19,60,1024
56135805,19,60,1024
56195849,19,60,1024
56255892,20,60,1024
56315937,19,60,1024
56375981,19,60,1024
56436024,20,60,1024
56496069,19,60,1024
56556113,19,60,1024
56616157,19,60,1024
56676201,19,60,1024
56736245,19,60,1024
56796289,20,59,1024
56856333,20,59,1024
56916376,21,60,1024
56976421,20,59,1024
57036465,19,60,1024
57096509,19,60,1024
57156559,20,59,1024
57216603,20,59,1024
57276648,20,59,1024
57336691,20,59,1024
57396736,19,59,1024
57456785,20,60,1024
57516829,20,60,1024
57576874,19,60,1024
57636919,20,60,1024
57696964,20,60,1024
57757009,19,60,1024
57817053,20,60,1024
57877097,19,60,1024
57937141,20,59,1024
57997185,20,59,1024
58057229,20,59,1024
58117273,20,60,1024
58177317,19,60,1024
58237361,19,60,1024
58297405,20,60,1024
58357449,20,60,1024
58417493,20,59,1024
58477537,20,59,1024
58537581,20,59,1024
58597625,20,59,1024
58657669,20,59,1024
58717713,20,59,1024
58777757,20,59,1024
58837801,20,60,1024
58897851,20,59,1024
58957895,20,59,1024
59017939,20,59,1024
59077983,20,59,1024
59138033,20,59,1024
59198077,20,59,1024
59258121,20,59,1024
59318165,20,59,1024
59378209,20,59,1024
59438255,20,59,1024
59498300,20,59,1024
59558345,20,59,1024
59618390,20,59,1024
59678434,20,59,1024
59738478,20,59,1024
59798522,20,59,1024
59858567,20,59,1024
59918611,20,59,1024
59978655,20,59,1024
60038698,20,59,1024
60098743,20,59,1024
60158787,20,59,1024
60218830,20,59,1024
60278875,20,59,1024
60338930,20,59,1024
60398975,20,59,1024
60459019,20,59,1024
60519063,20,59,1024
60579107,20,59,1024
60639151,20,59,1024
60699194,20,59,1024
60759239,19,59,1024
60819284,20,59,1024
60879329,20,59,1024
60939373,20,59,1024
60999417,20,59,1024
61059461,20,59,1024
61119505,20,59,1024
61179550,20,59,1024
61239595,20,59,1024
61299640,20,59,1024
61359684,20,59,1024
61419728,19,59,1024
61479772,20,59,1024
61539816,20,59,1024
61599860,20,59,1024
61659904,20,59,1024
61719948,20,59,1024
61779992,20,58,1024
61840044,20,59,1024
61900091,20,59,1024
61960136,20,58,1024
62020180,20,58,1024
62080224,20,59,1024
62140268,20,59,1024
62200312,20,59,1024
62260356,20,59,1024
62320400,20,59,1024
62380444,19,60,1024
62440488,20,60,1024
62500532,20,60,1024
62560576,20,60,1024
62620620,20,59,1024
62680665,20,60,1024
62740709,20,59,1024
62800753,20,60,1024
62860797,19,60,1024
62920841,20,59,1024
62980885,20,59,1024
63040931,20,59,1024
63100977,20,59,1024
63161021,20,59,1024
63221065,20,59,1024
63281115,20,59,1024
63341159,19,59,1024
63401203,20,59,1024
63461247,20,59,1024
63521291,20,58,1024
63581336,20,59,1024
63641381,20,58,1024
63701425,20,58,1024
63761470,21,58,1024
63821514,21,58,1024
63881558,21,59,1024
63941601,21,58,1024
64001646,21,58,1024
64061691,21,58,1024
64121735,21,58,1024
64181780,21,58,1024
64241824,21,58,1024
64301869,21,57,1024
64361914,21,57,1024
64421959,21,57,1024
64482004,21,57,1024
64542048,21,56,1024
64602093,21,57,1024
64662138,21,57,1024
64722183,21,57,1024
64782234,21,57,1024
64842280,21,58,1024
64902327,21,58,1024
64962372,21,58,1024
65022417,21,58,1024
65082462,21,58,1024
65142507,21,58,1024
65202552,21,58,1024
65262597,21,58,1024
65322642,21,58,1024
65382687,21,58,1024
65442732,21,58,1024
65502777,21,59,1024
65562822,21,58,1024
65622867,21,58,1024
65682912,21,58,1024
65742957,21,58,1024
65803002,21,58,1024
65863047,21,58,1024
65923092,21,58,1024
65983137,21,58,1024
66043182,21,58,1024
66103227,21,57,1024
66163272,21,57,1024
66223322,22,58,1024
66283366,22,57,1024
66343413,22,57,1024
66403461,22,56,1024
66463506,22,56,1024
66523551,22,55,1024
66583596,22,55,1024
66643643,22,54,1024
66703688,23,55,1024
66763732,23,54,1024
66823776,22,54,1024
66883820,23,54,1024
66943864,23,54,1024
67003908,23,54,1024
67063952,23,54,1024
67123996,23,54,1024
67184040,23,54,1024
67244084,23,53,1024
67304128,23,53,1024
67364172,23,53,1024
67424216,23,53,1024
67484260,23,53,1024
67544304,23,53,1024
67604348,23,53,1024
67664398,23,53,1024
67724442,24,52,1024
67784486,24,51,1024
67844530,25,51,1024
67904574,24,50,1024
67964618,24,50,1024
68024662,24,49,1024
68084706,24,50,1024
68144750,24,49,1024
68204794,24,49,1024
68264838,24,48,1024
68324882,24,48,1024
68384926,24,48,1024
68444972,25,48,1024
68505017,24,48,1024
68565061,24,48,1024
68625105,25,49,1024
68685150,25,49,1024
68745194,25,48,1024
68805238,25,47,1024
68865282,25,47,1024
68925326,25,46,1024
68985370,25,46,1024
69045414,26,46,1024
69105458,27,45,1024
69165512,26,44,1024
69225560,27,44,1024
69285608,26,57,1024
69345656,26,61,1024
69405704,26,62,1024
69465752,26,62,1024
69525800,26,61,1024
69585848,26,61,1024
69645896,26,60,1024
69705944,26,59,1024
69765992,26,59,1024
69826040,26,59,1024
69886088,26,59,1024
69946136,26,58,1024
70006184,26,58,1024
70066232,26,58,1024
70126280,26,58,1024
70186328,25,56,1024
70246378,25,55,1024
70306427,25,56,1024
70366476,25,55,1024
70426525,26,56,1024
70486574,25,55,1024
70546623,25,55,1024
70606679,25,54,1024
70666724,25,53,1024
70726767,25,54,1024
70786811,25,53,1024
70846856,25,54,1024
70906899,25,53,1024
70966944,25,53,1024
71026988,25,53,1024
71087031,25,52,1024
71147075,25,51,1024
71207119,25,52,1024
71267163,25,52,1024
71327207,25,52,1024
71387368,25,51,1024
71447597,25,51,1024
71507793,26,51,1024
71567837,26,50,1024
71627881,26,50,1024
71687925,26,49,1024
71747975,26,48,1024
71808019,28,48,1024
71868063,27,44,1024
71928107,27,43,1024
71988151,28,43,1024
72048197,28,43,1024
72108239,27,42,1024
72168283,27,42,1024
72228327,28,42,1024
72288371,28,41,1024
72348415,28,41,1024
72408459,28,51,1024
72468503,27,57,1024
72528547,27,61,1024
72588591,25,60,1024
72648635,26,61,1024
72708679,26,61,1024
72768723,27,59,1024
72828767,27,57,1024
72888811,28,55,1024
72948855,28,51,1024
73008899,29,49,1024
73068943,29,45,1024
73128987,29,44,1024
73189031,30,43,1024
73249075,29,55,1024
73309119,28,60,1024
73369163,28,60,1024
73429207,28,60,1024
73489251,27,58,1024
73549302,27,57,1024
73609346,27,54,1024
73669390,27,53,1024
73729434,27,52,1024
73789478,27,51,1024
73849524,27,51,1024
73909569,27,50,1024
73969616,27,50,1024
74029663,27,49,1024
74089707,27,48,1024
74149751,27,49,1024
74209795,26,48,1024
74269839,27,49,1024
74329883,27,48,1024
74389927,26,49,1024
74449971,27,49,1024
74510015,26,49,1024
74570059,27,48,1024
74630103,27,48,1024
74690147,28,47,1024
74750191,27,46,1024
74810235,27,45,1024
74870279,27,45,1024
74930323,27,46,1024
74990374,26,57,1024
75050418,25,63,1024
75110462,25,68,1024
75170506,25,68,1024
75230550,24,66,1024
75290594,25,65,1024
75350638,25,64,1024
75410682,25,63,1024
75470726,25,62,1024
75530770,25,62,1024
75590814,25,61,1024
75650861,25,60,1024
75710907,25,59,1024
75770952,25,59,1024
75830997,25,59,1024
75891042,25,58,1024
75951087,25,58,1024
76011132,25,56,1024
76071176,25,57,1024
76131221,25,57,1024
76191265,25,56,1024
76251309,25,56,1024
76311353,25,55,1024
76371398,25,55,1024
76431443,25,55,1024
76491494,25,54,1024
76551539,25,53,1024
76611584,25,52,1024
76671628,26,53,1024
76731672,25,52,1024
76791717,25,53,1024
76851762,25,52,1024
76911807,25,53,1024
76971852,25,52,1024
77031896,25,52,1024
77091940,26,53,1024
77151984,25,53,1024
77212028,25,53,1024
77272073,24,54,1024
77332118,24,54,1024
77392163,24,55,1024
77452209,24,55,1024
77512254,24,56,1024
77572298,23,58,1024
77632342,24,58,1024
77692386,24,58,1024
77752430,24,58,1024
77812474,24,58,1024
77872518,23,58,1024
77932568,23,58,1024
77992612,23,58,1024
78052656,23,58,1024
78112701,23,59,1024
78172745,23,59,1024
78232789,23,59,1024
78292833,23,59,1024
78352877,23,59,1024
78412921,23,59,1024
78472965,23,59,1024
78533009,23,59,1024
78593053,23,59,1024
78653097,22,59,1024
78713141,22,60,1024
78773185,22,60,1024
78833230,22,61,1024
78893274,22,61,1024
78953318,22,61,1024
79013362,22,61,1024
79073406,22,61,1024
79133450,22,61,1024
79193494,21,60,1024
79253540,22,62,1024
79313585,22,62,1024
79373636,22,62,1024
79433680,22,62,1024
79493724,22,62,1024
79553768,22,62,1024
79613812,22,62,1024
79673856,21,61,1024
79733900,21,61,1024
79793944,21,61,1024
79853988,22,62,1024
79914032,22,61,1024
79974076,22,61,1024
80034120,22,61,1024
80094164,22,61,1024
80154208,22,60,1024
80214258,22,60,1024
80274302,22,60,1024
80334346,22,60,1024
80394390,22,60,1024
80454434,22,60,1024
80514478,22,60,1024
80574522,22,60,1024
80634566,21,59,1024
80694610,22,60,1024
80754654,22,60,1024
80814698,22,60,1024
80874748,22,60,1024
80934792,22,60,1024
80994836,22,60,1024
81054882,22,60,1024
81114927,21,58,1024
81174971,22,59,1024
81235015,22,59,1024
81295059,22,60,1024
81355103,22,59,1024
81415147,22,59,1024
81475191,22,58,1024
81535235,22,58,1024
81595279,23,57,1024
81655324,23,56,1024
81715367,23,55,1024
81775411,24,53,1024
81835455,24,52,1024
81895499,24,50,1024
81955543,25,48,1024
82015587,25,47,1024
82075631,26,46,1024
82135675,26,44,1024
82195719,27,44,1024
82255763,27,43,1024
82315814,27,42,1024
82375858,27,42,1024
82435902,27,43,1024
82495946,27,43,1024
82555990,27,45,1024
82616034,27,45,1024
82676078,26,46,1024
82736300,26,46,1024
82796589,28,47,1024
82856722,26,45,1024
82916767,25,45,1024
82976811,26,47,1024
83036855,26,47,1024
83096899,26,47,1024
83156943,26,47,1024
83216987,26,47,1024
83277031,27,45,1024
83337075,27,54,1024
83397119,26,59,1024
83457163,27,63,1024
83517207,26,62,1024
83577251,27,61,1024
83637295,27,60,1024
83697339,27,58,1024
83757383,27,56,1024
83817433,29,53,1024
83877477,31,46,1024
83937521,31,42,1024
83997565,31,48,1024
84057609,31,51,1024
84117653,31,53,1024
84177697,31,52,1024
84237741,30,52,1024
84297785,30,52,1024
84357829,30,53,1024
84417873,30,52,1024
84477917,29,48,1024
84537961,27,62,1024
84598005,26,57,1024
84658051,26,61,1024
84718096,26,57,1024
84778140,27,56,1024
84838184,28,49,1024
84898228,28,47,1024
84958272,28,44,1024
85018316,29,44,1024
85078360,29,55,1024
85138404,28,58,1024
85198448,28,61,1024
85258499,28,62,1024
85318543,28,60,1024
85378587,28,58,1024
85438631,28,56,1024
85498675,29,56,1024
85558897,29,55,1024
85619189,29,52,1024
85679327,29,49,1024
85739371,30,47,1024
85799414,30,45,1024
85859458,30,43,1024
85919502,31,43,1024
85979547,29,55,1024
86039591,28,53,1024
86099635,28,48,1024
86159680,27,51,1024
86219723,26,65,1024
86279767,25,69,1024
86339811,25,70,1024
86399855,25,69,1024
86459901,25,67,1024
86519946,25,67,1024
86579990,25,65,1024
86640034,25,63,1024
86700083,25,62,1024
86760127,25,62,1024
86820171,25,61,1024
86880215,25,61,1024
86940259,25,60,1024
87000303,25,60,1024
87060347,25,60,1024
87120391,25,61,1024
87180435,25,61,1024
87240479,25,62,1024
87300523,24,62,1024
87360567,24,61,1024
87420611,24,61,1024
87480655,24,61,1024
87540699,24,60,1024
87600743,24,60,1024
87660787,24,59,1024
87720831,24,59,1024
87780875,24,59,1024
87840919,24,59,1024
87900963,24,59,1024
87961007,24,59,1024
88021051,24,59,1024
88081095,23,60,1024
88141139,24,60,1024
88201190,24,59,1024
88261236,24,60,1024
88321281,23,60,1024
88381325,23,60,1024
88441369,23,60,1024
88501413,23,60,1024
88561457,23,60,1024
88621501,23,60,1024
88681545,23,60,1024
88741589,23,60,1024
88801633,23,60,1024
88861683,23,60,1024
88921727,23,60,1024
88981771,23,60,1024
89041815,23,60,1024
89101859,23,60,1024
89161903,23,60,1024
89221947,23,60,1024
89281991,23,60,1024
89342035,22,61,1024
89402079,22,61,1024
89462124,22,61,1024
89522168,23,61,1024
89582212,22,61,1024
89642263,22,61,1024
89702307,22,61,1024
89762351,22,61,1024
89822395,22,61,1024
89882439,22,61,1024
89942483,22,62,1024
90002527,22,61,1024
90062573,22,62,1024
90122618,22,62,1024
90182662,22,62,1024
90242707,22,62,1024
90302751,22,63,1024
90362796,22,62,1024
90422840,22,62,1024
90482884,22,62,1024
90542928,22,63,1024
90602972,22,63,1024
90663016,22,63,1024
90723060,22,63,1024
90783104,21,62,1024
90843148,22,63,1024
90903192,22,63,1024
90963236,22,63,1024
91023280,22,63,1024
91083331,22,63,1024
91143375,22,63,1024
91203597,22,63,1024
91263886,22,63,1024
91324019,22,62,1024
91384065,22,62,1024
91444108,22,62,1024
91504153,22,62,1024
91564197,22,62,1024
91624243,21,61,1024
91684287,22,62,1024
91744331,22,62,1024
91830554,22,62,1024
91890599,22,62,1024
91950643,22,62,1024
92010687,22,62,1024
92070731,22,61,1024
92130775,22,61,1024
92190819,23,61,1024
92250863,22,61,1024
92310907,22,61,1024
92370951,22,60,1024
92430995,22,60,1024
92491039,22,60,1024
92551083,22,59,1024
92611134,23,58,1024
92671178,23,57,1024
92731222,23,57,1024
92791266,23,56,1024
92851310,23,56,1024
92911354,23,56,1024
92971399,23,57,1024
93031442,23,57,1024
93091486,23,57,1024
93151530,23,58,1024
93211574,23,58,1024
93271618,23,58,1024
93331662,22,58,1024
93391706,23,58,1024
93451751,23,57,1024
93511794,23,57,1024
93571838,23,57,1024
93631884,23,56,1024
93691928,23,57,1024
93751972,23,57,1024
93812021,23,57,1024
93872065,23,57,1024
93932109,23,57,1024
93992153,23,57,1024
94052244,23,57,1024
94112290,23,57,1024
94172336,23,57,1024
94232382,23,57,1024
94292433,23,58,1024
94352479,23,58,1024
94412525,23,58,1024
94472571,23,58,1024
94532617,23,59,1024
94592663,23,59,1024
94652709,23,59,1024
94712755,23,59,1024
94772801,23,59,1024
94832847,22,59,1024
94892893,23,59,1024
94952939,23,58,1024
95012985,23,59,1024
95073031,23,58,1024
95133077,23,59,1024
95193123,23,59,1024
95253169,23,59,1024
95313215,23,59,1024
95373261,23,60,1024
95433319,23,59,1024
95493365,23,59,1024
95553416,23,60,1024
95613462,23,60,1024
95673508,23,60,1024
95733554,22,60,1024
95793600,23,60,1024
95853646,23,60,1024
95913692,23,60,1024
95973738,23,60,1024
96033784,23,60,1024
96093830,23,60,1024
96153876,23,60,1024
96213922,23,60,1024
96273968,23,60,1024
96334014,22,60,1024
96394060,22,60,1024
96454106,22,61,1024
96514152,22,61,1024
96574198,22,61,1024
96634244,22,61,1024
96694290,22,61,1024
96754336,22,61,1024
96814382,23,62,1024
96874428,22,61,1024
96934474,22,61,1024
96994526,22,61,1024
97054572,22,61,1024
97114618,22,61,1024
97174664,22,60,1024
97234712,22,60,1024
97294759,22,60,1024
97354805,22,60,1024
97414851,22,60,1024
97474897,22,59,1024
97534943,23,59,1024
97594989,23,59,1024
97655035,23,59,1024
97715081,23,59,1024
97775127,23,58,1024
97835173,23,58,1024
97895219,23,58,1024
97955265,23,57,1024
98015311,23,58,1024
98075357,23,57,1024
98135403,23,57,1024
98195627,23,57,1024
98255920,23,57,1024
98316059,23,57,1024
98376106,23,57,1024
98436159,23,57,1024
98496206,22,57,1024
98556253,23,57,1024
98616300,23,57,1024
98676347,23,57,1024
98736394,23,56,1024
98796441,23,56,1024
98856488,23,57,1024
98916534,23,57,1024
98976580,23,57,1024
99036628,23,58,1024
99096675,23,58,1024
99156721,23,58,1024
99216767,23,58,1024
99276813,23,58,1024
99336859,23,58,1024
99396905,23,58,1024
99456951,23,58,1024
99516997,23,58,1024
99577043,23,59,1024
99637089,23,59,1024
99697135,22,59,1024
99757181,22,60,1024
99817227,22,60,1024
99877273,22,60,1024
99937326,22,60,1024
99997372,22,60,1024
100057418,22,60,1024
100117464,22,61,1024
100177510,22,60,1024
100237557,22,61,1024
100297602,22,61,1024
100357648,22,61,1024
100417694,22,61,1024
100477740,22,61,1024
100537786,22,61,1024
100597832,22,61,1024
100657878,22,61,1024
100717924,22,60,1024
100777970,22,61,1024
100838016,22,61,1024
100898062,22,60,1024
100958108,22,61,1024
101018154,22,60,1024
101078200,22,60,1024
101138246,22,61,1024
101198298,22,60,1024
101258344,22,60,1024
101318396,22,60,1024
101378442,22,61,1024
101438665,22,60,1024
101498957,22,60,1024
101559090,22,61,1024
101619137,22,60,1024
101679184,21,60,1024
101739231,21,60,1024
101799278,21,60,1024
101859325,21,60,1024
101919372,21,60,1024
101979419,21,60,1024
102039466,21,60,1024
102099513,21,59,1024
102159560,21,60,1024
102219607,21,60,1024
102279654,21,59,1024
102339701,22,60,1024
102399748,21,60,1024
102459795,21,59,1024
102519842,21,60,1024
102579890,21,59,1024
102639937,21,59,1024
102699990,21,59,1024
102760037,22,60,1024
102820083,21,59,1024
102880129,21,59,1024
102940176,21,59,1024
103000223,21,59,1024
103060270,21,59,1024
103120317,21,59,1024
103180364,21,59,1024
103240410,21,59,1024
103300457,21,59,1024
103360503,21,59,1024
103420549,21,59,1024
103480595,21,59,1024
103540641,21,59,1024
103600687,21,59,1024
103660733,21,59,1024
103720779,21,59,1024
103780825,21,59,1024
103840871,21,59,1024
103900918,21,59,1024
103960964,21,59,1024
104021010,21,59,1024
104081056,21,59,1024
104141108,21,59,1024
104201155,21,59,1024
104261201,21,59,1024
104321247,20,58,1024
104381293,20,58,1024
104441339,20,58,1024
104501385,20,58,1024
104561431,20,58,1024
104621478,20,58,1024
104681524,20,58,1024
104741570,20,58,1024
104801616,20,58,1024
104861662,20,58,1024
104921711,21,59,1024
104981761,20,58,1024
105041808,20,58,1024
105101855,20,58,1024
105161901,20,58,1024
105221947,21,59,1024
105281993,20,58,1024
105342039,20,58,1024
105402085,20,58,1024
105462131,20,58,1024
105522184,21,59,1024
105582230,20,58,1024
105642277,20,57,1024
105702323,20,57,1024
105762369,20,58,1024
105822414,20,58,1024
105882461,20,58,1024
105942507,20,57,1024
106002553,20,58,1024
106062600,20,57,1024
106122647,21,59,1024
106182694,20,57,1024
106242741,20,57,1024
106302788,20,57,1024
106362835,20,57,1024
106422881,21,58,1024
106482928,20,57,1024
106543152,20,57,1024
106603239,20,57,1024
106663286,20,57,1024
106723333,21,58,1024
106783380,20,56,1024
106843427,20,57,1024
106903479,20,56,1024
106963526,20,56,1024
107023572,20,56,1024
107083619,20,57,1024
107143666,20,57,1024
107203713,20,56,1024
107263760,20,57,1024
107323807,20,56,1024
107383853,20,57,1024
107443900,20,57,1024
107503946,20,57,1024
107563993,20,57,1024
107624040,20,57,1024
107684087,20,57,1024
107744134,20,57,1024
107804181,20,57,1024
107864227,20,57,1024
107924273,21,58,1024
107984319,20,57,1024
108044366,20,57,1024
108104412,20,56,1024
108164459,20,57,1024
108224505,20,57,1024
108284552,20,57,1024
108344597,20,57,1024
108404643,20,57,1024
108464689,20,57,1024
108524735,20,57,1024
108584781,20,57,1024
108644827,20,57,1024
108704876,20,57,1024
108764926,20,57,1024
108824973,20,57,1024
108885019,20,57,1024
108945066,20,56,1024
109005112,20,57,1024
109065159,20,57,1024
109125206,20,57,1024
109185253,20,57,1024
109245299,20,57,1024
109305345,19,57,1024
109365392,20,57,1024
109425439,20,57,1024
109485486,20,57,1024
109545533,20,57,1024
109605580,20,57,1024
109665627,20,57,1024
109725680,20,57,1024
109785726,20,57,1024
109845773,20,58,1024
109905820,19,57,1024
109965867,20,58,1024
110025914,20,57,1024
110085961,20,57,1024
110146008,20,57,1024
110206055,20,58,1024
110266102,20,57,1024
110326149,20,57,1024
110386196,20,57,1024
110446243,20,57,1024
110506290,19,57,1024
110566337,20,57,1024
110626384,20,57,1024
110686431,20,57,1024
110746478,20,57,1024
110806525,19,57,1024
110866572,20,57,1024
110926619,20,58,1024
110986666,20,58,1024
111046713,20,58,1024
111106765,20,58,1024
111166812,20,58,1024
111226859,20,58,1024
111286906,20,58,1024
111346953,20,59,1024
111407000,20,58,1024
111467047,20,58,1024
111527094,20,59,1024
111587141,20,59,1024
111647188,19,58,1024
111707235,20,58,1024
111767282,20,58,1024
111827329,20,58,1024
111887376,20,59,1024
111947423,20,59,1024
112007470,19,59,1024
112067517,19,59,1024
112127564,19,59,1024
112187611,20,59,1024
112247658,20,59,1024
112307705,19,60,1024
112367752,19,60,1024
112427799,19,59,1024
112487858,19,60,1024
112547905,19,60,1024
112607952,19,60,1024
112667999,19,60,1024
112728046,19,60,1024
112788093,19,60,1024
112848140,19,60,1024
112908187,19,60,1024
112968234,19,60,1024
113028281,19,61,1024
113088328,19,61,1024
113148375,19,61,1024
113208422,20,61,1024
113268469,19,61,1024
113328516,19,62,1024
113388563,19,62,1024
113448610,19,62,1024
113508657,19,62,1024
113568704,19,62,1024
113628751,19,62,1024
113688798,19,62,1024
113748845,19,63,1024
113808892,18,62,1024
113868939,19,63,1024
113928991,19,63,1024
113989038,20,61,1024
114049085,22,57,1024
114109132,22,54,1024
114169179,22,55,1024
114229226,22,56,1024
114289273,21,56,1024
114349320,21,57,1024
114409367,21,58,1024
114469455,20,58,1024
114529502,20,59,1024
114589549,20,60,1024
114649596,19,60,1024
114709643,20,61,1024
114769690,20,61,1024
114829737,20,61,1024
114889784,20,62,1024
114949831,19,62,1024
115009878,19,62,1024
115069925,19,63,1024
115129972,19,63,1024
115190019,19,63,1024
115250066,19,63,1024
115310119,19,63,1024
115370166,19,63,1024
115430213,20,63,1024
115490260,19,63,1024
115550307,19,63,1024
115610354,19,63,1024
115670401,19,63,1024
115730449,19,63,1024
115790495,19,64,1024
115850541,20,64,1024
115910587,19,64,1024
115970633,19,64,1024
116030680,19,64,1024
116090726,19,64,1024
116150772,19,64,1024
116210818,19,64,1024
116270870,19,64,1024
116330917,19,64,1024
116390963,19,64,1024
116451009,19,64,1024
116511055,19,64,1024
116571101,20,62,1024
116631147,22,57,1024
116691199,22,55,1024
116751246,22,56,1024
116811292,21,56,1024
116871338,21,57,1024
116931384,21,59,1024
116991431,20,59,1024
117051477,20,59,1024
117111524,20,60,1024
117171570,20,60,1024
117231616,19,61,1024
117291662,20,62,1024
117351709,20,62,1024
117411755,20,62,1024
117471801,20,62,1024
117531847,19,63,1024
117591894,19,63,1024
117651941,19,63,1024
117711988,19,63,1024
117772034,19,63,1024
117832081,19,64,1024
117892127,19,64,1024
117952173,19,64,1024
118012219,20,64,1024
118072272,19,64,1024
118132318,19,64,1024
118192364,19,64,1024
118252410,19,64,1024
118312456,20,64,1024
118372502,19,65,1024
118432548,19,65,1024
118492595,19,65,1024
118552642,19,65,1024
118612689,18,65,1024
118672735,19,65,1024
118732781,19,65,1024
118792827,19,64,1024
118852873,20,63,1024
118912919,20,63,1024
118972966,19,63,1024
119033013,19,63,1024
119093060,19,63,1024
119153107,19,64,1024
119213153,19,64,1024
119273199,19,64,1024
119333245,19,65,1024
119393291,19,65,1024
119453338,19,65,1024
119513390,19,65,1024
119573436,19,65,1024
119633483,19,65,1024
119693530,19,65,1024
119753576,19,65,1024
119813622,19,65,1024
119873669,19,65,1024
119933716,19,66,1024
119993765,20,62,1024
120053815,22,57,1024
120113862,24,50,1024
120173909,24,48,1024
120233955,24,49,1024
120294001,23,52,1024
120354048,22,54,1024
120414095,22,55,1024
120474142,21,56,1024
120534189,21,58,1024
120594236,21,59,1024
120654283,21,59,1024
120714330,20,59,1024
120774377,20,60,1024
120834423,20,60,1024
120894476,20,61,1024
120954523,20,61,1024
121014570,20,61,1024
121074617,20,61,1024
121134664,20,62,1024
121194711,20,62,1024
121254758,20,62,1024
121314805,20,62,1024
121374851,20,62,1024
121434898,20,62,1024
121494945,20,62,1024
121554992,20,62,1024
121615039,20,63,1024
121675085,19,63,1024
121735132,19,63,1024
121795179,19,63,1024
121855226,19,63,1024
121915273,19,63,1024
121975320,19,63,1024
122035367,19,63,1024
122095414,19,63,1024
122155461,19,63,1024
122215508,19,63,1024
122275560,19,63,1024
122335607,19,63,1024
122395654,20,63,1024
122455700,19,63,1024
122515747,19,63,1024
122575794,19,63,1024
122635841,19,63,1024
122695888,19,62,1024
122755935,19,63,1024
122816052,19,63,1024
122876099,19,63,1024
122936146,19,63,1024
122996193,19,63,1024
123056240,19,63,1024
123116287,19,63,1024
123176334,19,63,1024
123236381,19,63,1024
123296429,19,63,1024
123356475,19,63,1024
123416522,19,62,1024
123476569,20,61,1024
123536616,20,61,1024
123596663,20,61,1024
123656711,19,61,1024
123716755,19,61,1024
123776804,19,61,1024
123836854,19,62,1024
123896901,19,62,1024
123956948,19,62,1024
124016995,19,62,1024
124077042,19,62,1024
124137089,19,62,1024
124197136,19,62,1024
124257300,19,62,1024
124317443,19,62,1024
124377490,19,62,1024
124437537,19,62,1024
124497584,19,63,1024
124557631,20,59,1024
124617678,22,53,1024
124677725,24,47,1024
124737772,24,46,1024
124797819,23,47,1024
124857866,23,49,1024
124917913,22,51,1024
124977960,22,53,1024
125038007,21,54,1024
125098060,21,55,1024
125158107,21,56,1024
125218154,20,56,1024
125278201,20,57,1024
125338248,20,58,1024
125398295,20,58,1024
125458342,20,58,1024
125518389,20,59,1024
125578436,20,59,1024
125638483,20,59,1024
125698530,20,60,1024
125758576,19,60,1024
125818623,19,60,1024
125878670,19,60,1024
125938717,19,60,1024
125998764,19,60,1024
126058811,19,60,1024
126118858,19,61,1024
126178905,19,61,1024
126238952,19,60,1024
126298999,19,60,1024
126359046,19,61,1024
126419093,19,61,1024
126479145,19,61,1024
126539192,19,62,1024
126599239,19,61,1024
126659286,19,61,1024
126719333,19,62,1024
126779380,19,62,1024
126839427,20,58,1024
126899474,22,55,1024
126959521,22,53,1024
127019568,22,54,1024
127079615,21,54,1024
127139663,21,55,1024
127199709,21,56,1024
127259756,21,57,1024
127319802,20,57,1024
127379849,20,58,1024
127439896,20,58,1024
127499943,20,59,1024
127559992,20,59,1024
127620042,19,59,1024
127680089,19,60,1024
127740136,19,60,1024
127800183,19,60,1024
127860236,19,60,1024
127920283,19,61,1024
127980330,19,61,1024
128040377,19,60,1024
128100424,19,60,1024
128160471,19,60,1024
128220518,19,60,1024
128280565,19,60,1024
128340612,19,60,1024
128400659,19,60,1024
128460706,19,61,1024
128520753,19,61,1024
128580800,19,61,1024
128640847,20,57,1024
128700894,22,52,1024
128760941,24,46,1024
128820988,24,45,1024
128881035,24,48,1024
128941081,22,55,1024
129001128,21,60,1024
129061175,20,61,1024
129121222,21,65,1024
129181268,20,65,1024
129241314,20,68,1024
129301366,20,68,1024
129361413,20,69,1024
129421460,20,69,1024
129481507,20,69,1024
129541553,19,69,1024
129601600,19,69,1024
129661647,20,69,1024
129721694,19,69,1024
129781741,19,69,1024
129841788,19,68,1024
129901835,19,68,1024
129961882,20,69,1024
130021929,19,68,1024
130081976,19,68,1024
130142023,19,68,1024
130202070,19,68,1024
130262117,19,68,1024
130322164,19,69,1024
130382211,19,69,1024
130442258,20,64,1024
130502305,22,60,1024
130562352,22,59,1024
130622399,22,60,1024
130682452,21,60,1024
130742499,21,61,1024
130802546,21,62,1024
130862593,20,62,1024
130922640,20,63,1024
130982687,20,63,1024
131042734,20,64,1024
131102780,20,64,1024
131162826,19,64,1024
131222873,19,65,1024
131282919,19,65,1024
131342971,19,65,1024
131403018,19,66,1024
131463065,20,66,1024
131523112,19,66,1024
131583159,19,66,1024
131643206,19,66,1024
131703253,19,66,1024
131763300,19,66,1024
131823347,19,66,1024
131883394,19,66,1024
131943441,19,66,1024
132003488,19,66,1024
132063540,20,61,1024
132123587,22,57,1024
132183634,22,56,1024
132243681,22,57,1024
132303728,21,57,1024
132363775,22,60,1024
132423822,21,59,1024
132483869,20,60,1024
132543916,20,60,1024
132604003,20,61,1024
132664050,20,62,1024
132724097,20,62,1024
132784144,19,62,1024
132844191,19,63,1024
132904238,19,63,1024
132964287,19,63,1024
133024337,19,63,1024
133084384,19,63,1024
133144431,19,63,1024
133204478,19,63,1024
133264525,19,63,1024
133324572,19,62,1024
133384619,19,62,1024
133444673,19,62,1024
133504720,19,62,1024
133564766,19,63,1024
133624813,19,62,1024
133684860,19,61,1024
133744907,19,61,1024
133804954,19,61,1024
133865001,19,61,1024
133925048,19,62,1024
133985095,19,62,1024
134045142,19,62,1024
134105189,19,62,1024
134165236,19,62,1024
134225283,20,61,1024
134285329,20,60,1024
134345376,20,60,1024
134405422,21,61,1024
134465468,20,60,1024
134525514,19,60,1024
134585561,19,60,1024
134645608,19,61,1024
134705655,19,61,1024
134765702,19,61,1024
134825749,19,61,1024
134885801,19,61,1024
134945848,19,61,1024
135005895,19,61,1024
135065944,21,57,1024
135125994,22,52,1024
135186041,24,47,1024
135246087,23,47,1024
135306134,22,49,1024
135366181,22,51,1024
135426228,22,53,1024
135486275,21,53,1024
135546322,21,55,1024
135606369,21,56,1024
135666416,20,56,1024
135726462,20,57,1024
135786509,20,57,1024
135846556,20,58,1024
135906603,20,58,1024
135966650,20,59,1024
136026697,20,59,1024
136086744,19,59,1024
136146791,19,59,1024
136206838,19,59,1024
136266891,19,59,1024
136326938,19,59,1024
136386985,19,59,1024
136447032,19,59,1024
136507079,19,60,1024
136567126,19,60,1024
136627173,19,60,1024
136687220,19,60,1024
136747267,19,60,1024
136807314,19,60,1024
136867361,19,60,1024
136927408,21,57,1024
136987455,22,53,1024
137047502,22,52,1024
137107549,21,52,1024
137167596,21,53,1024
137227643,21,54,1024
137287689,20,54,1024
137347736,20,55,1024
137407783,20,56,1024
137467829,20,57,1024
137527875,20,57,1024
137587921,20,58,1024
137647990,19,58,1024
137708036,20,58,1024
137768082,19,58,1024
137828128,19,58,1024
137888174,19,59,1024
137948220,19,59,1024
138008266,20,59,1024
138068312,19,59,1024
138128358,19,59,1024
138188404,19,59,1024
138248451,19,59,1024
138308497,19,59,1024
138368543,19,59,1024
138428589,19,60,1024
138488635,19,59,1024
138548681,21,55,1024
138608727,22,51,1024
138668773,22,50,1024
138728820,22,51,1024
138788866,21,51,1024
138848915,21,52,1024
138908964,21,53,1024
138969011,21,54,1024
139029057,20,54,1024
139089135,19,55,1024
139149183,20,55,1024
139209230,20,56,1024
139269277,20,56,1024
139329324,20,56,1024
139389371,20,57,1024
139449418,20,57,1024
139509465,20,57,1024
139569512,19,57,1024
139629560,19,57,1024
139689608,20,57,1024
139749655,20,57,1024
139809702,19,58,1024
139869750,19,58,1024
139929797,19,58,1024
139989845,19,58,1024
140049893,19,58,1024
140109941,19,58,1024
140169989,20,56,1024
140230036,21,56,1024
140290083,20,55,1024
140350131,20,55,1024
140410178,20,55,1024
140470232,20,56,1024
140530280,20,56,1024
140590328,19,56,1024
140650376,19,57,1024
140710424,19,57,1024
140770472,19,57,1024
140830520,19,57,1024
140890568,19,57,1024
140950616,19,57,1024
141010664,19,57,1024
141070712,19,57,1024
141130760,20,56,1024
141190808,20,55,1024
141250856,20,54,1024
141310904,20,54,1024
141370952,20,54,1024
141431000,20,54,1024
141491049,19,55,1024
141551096,19,56,1024
141611144,19,56,1024
141671192,19,56,1024
141731241,19,56,1024
141791288,19,56,1024
141851341,19,56,1024
141911389,19,56,1024
141971437,19,56,1024
142031485,19,56,1024
142091533,20,54,1024
142151581,22,49,1024
142211629,23,46,1024
142271677,22,47,1024
142331725,22,48,1024
142391773,21,48,1024
142451821,21,49,1024
142511872,21,51,1024
142571922,20,51,1024
142631971,20,51,1024
142692018,20,52,1024
142752066,20,53,1024
142812114,20,53,1024
142872162,19,54,1024
142932210,19,54,1024
142992258,19,54,1024
143052306,19,54,1024
143112354,19,54,1024
143172402,19,54,1024
143232457,19,54,1024
143292505,19,54,1024
143352553,19,54,1024
143412601,19,54,1024
143472649,19,54,1024
143532697,19,54,1024
143592745,19,54,1024
143652794,19,54,1024
143712841,19,55,1024
143772889,20,52,1024
143832937,22,48,1024
143892985,22,45,1024
143953033,22,45,1024
144013081,22,46,1024
144073129,21,47,1024
144133177,21,48,1024
144193225,20,48,1024
144253273,20,49,1024
144313322,20,49,1024
144373369,20,50,1024
144433417,20,51,1024
144493465,19,51,1024
144553513,19,52,1024
144613561,19,52,1024
144673614,19,53,1024
144733662,19,53,1024
144793710,19,53,1024
144853758,19,54,1024
144913806,19,54,1024
144973854,19,54,1024
145033902,20,52,1024
145094020,22,48,1024
145154068,22,46,1024
145214116,22,46,1024
145274164,22,47,1024
145334212,21,47,1024
145394260,21,48,1024
145454308,21,49,1024
145514356,20,49,1024
145574404,21,50,1024
145634452,20,50,1024
145694500,20,50,1024
145754549,19,51,1024
145814596,20,51,1024
145874644,20,52,1024
145934692,20,52,1024
145994740,19,52,1024
146054796,19,52,1024
146114844,19,53,1024
146174892,19,53,1024
146234941,19,53,1024
146294994,19,53,1024
146355042,19,53,1024
146415091,20,54,1024
146475258,20,51,1024
146535369,22,47,1024
146595539,24,41,1024
146655748,24,39,1024
146715797,24,41,1024
146775846,23,57,1024
146835895,21,62,1024
146895944,21,66,1024
146955993,20,59,1024
147016042,20,59,1024
147076091,20,61,1024
147136140,20,63,1024
147196189,20,64,1024
147256238,20,64,1024
147316287,19,64,1024
147376336,19,63,1024
147436391,19,63,1024
147496440,19,63,1024
147556490,19,63,1024
147616538,19,64,1024
147676587,21,62,1024
147736636,22,56,1024
147796685,23,54,1024
147856734,22,55,1024
147916783,22,56,1024
147976832,21,56,1024
148036881,21,57,1024
148096930,21,58,1024
148156979,20,58,1024
148217028,20,58,1024
148277077,20,59,1024
148337126,20,59,1024
148397175,20,60,1024
148457224,20,60,1024
148517273,20,60,1024
148577322,19,60,1024
148637371,19,61,1024
148697420,19,61,1024
148757469,19,61,1024
148817526,20,61,1024
148877574,19,61,1024
148937623,19,61,1024
148997672,19,62,1024
149057721,20,59,1024
149117770,22,55,1024
149177819,22,53,1024
149237868,22,54,1024
149297917,21,54,1024
149357966,21,55,1024
149418015,21,56,1024
149478064,20,56,1024
149538113,20,57,1024
149598162,20,58,1024
149658211,20,58,1024
149718260,20,59,1024
149778309,20,59,1024
149838358,19,59,1024
149898407,19,59,1024
149958456,20,60,1024
150018505,19,60,1024
150078559,19,60,1024
150138608,19,60,1024
150198657,19,60,1024
150258712,19,60,1024
150318761,19,59,1024
150378810,20,56,1024
150438859,23,51,1024
150498908,24,45,1024
150558957,24,43,1024
150619006,24,44,1024
150679055,23,46,1024
150739104,23,48,1024
150799153,22,49,1024
150859202,22,51,1024
150919251,22,53,1024
150979300,21,52,1024
151039349,21,53,1024
151099398,20,53,1024
151159447,21,55,1024
151219496,21,56,1024
151279545,20,55,1024
151339594,20,55,1024
151399643,20,56,1024
151459692,20,56,1024
151519741,20,56,1024
151579790,20,57,1024
151639846,20,57,1024
151699896,20,57,1024
151759945,20,57,1024
151819994,20,57,1024
151880043,20,56,1024
151940092,20,56,1024
152000141,20,56,1024
152060190,20,56,1024
152120239,20,55,1024
152180288,20,56,1024
152240337,21,56,1024
152300386,20,55,1024
152360435,20,55,1024
152420484,20,55,1024
152480534,20,55,1024
152540583,20,55,1024
152600632,20,55,1024
152660681,20,55,1024
152720730,20,55,1024
152780779,20,55,1024
152840828,20,55,1024
152900877,20,55,1024
152960926,21,56,1024
153020980,20,56,1024
153081029,20,56,1024
153141078,20,55,1024
153201127,20,55,1024
153261176,20,55,1024
153321225,20,56,1024
153381274,19,55,1024
153441323,20,56,1024
153501372,20,56,1024
153561422,20,56,1024
153621471,20,56,1024
153681520,20,57,1024
153741569,20,57,1024
153801621,20,56,1024
153861673,20,56,1024
153921722,20,55,1024
153981771,20,55,1024
154041820,20,56,1024
154101869,19,56,1024
154161918,20,55,1024
154221967,20,56,1024
154282016,20,56,1024
154342065,20,56,1024
154402114,20,55,1024
154462161,20,55,1024
154522210,20,55,1024
154582259,20,56,1024
154642308,20,56,1024
154702357,20,56,1024
154762406,20,56,1024
154822455,20,56,1024
154882504,20,56,1024
154942553,20,57,1024
155002637,20,56,1024
155062686,21,57,1024
155122735,20,56,1024
155182784,20,57,1024
155242833,20,56,1024
155302882,20,55,1024
155362931,20,56,1024
155422981,20,55,1024
155483032,20,55,1024
155543081,20,55,1024
155603130,20,54,1024
155663179,21,56,1024
155723228,21,55,1024
155783277,20,53,1024
155843333,21,53,1024
155903382,22,54,1024
155963431,21,53,1024
156023480,21,52,1024
156083529,21,52,1024
156143578,21,53,1024
156203627,22,54,1024
156263676,21,53,1024
156323725,21,53,1024
156383774,21,53,1024
156443823,21,53,1024
156503872,21,52,1024
156563921,21,52,1024
156623970,21,53,1024
156684019,21,52,1024
156744068,21,52,1024
156804117,21,53,1024
156864166,21,52,1024
156924215,21,52,1024
156984264,21,52,1024
157044313,22,52,1024
157104362,22,52,1024
157164411,22,52,1024
157224466,22,51,1024
157284515,22,51,1024
157344564,22,51,1024
157404613,22,51,1024
157464662,22,51,1024
157524711,22,51,1024
157584763,22,51,1024
157644815,22,51,1024
157704864,22,52,1024
157764913,22,52,1024
157824962,22,53,1024
157885011,22,53,1024
157945060,22,52,1024
158005109,22,52,1024
158065158,21,52,1024
158125207,22,53,1024
158185256,22,54,1024
158245305,21,53,1024
158305354,21,53,1024
158365403,21,53,1024
158425452,22,54,1024
158485501,22,54,1024
158545550,21,53,1024
158605606,22,54,1024
158665655,22,53,1024
158725704,22,53,1024
158785753,22,53,1024
158845802,22,52,1024
158905851,22,52,1024
158965900,22,52,1024
159025949,22,52,1024
159085998,23,51,1024
159146047,23,51,1024
159206096,22,50,1024
159266145,24,49,1024
159326194,23,49,1024
159386243,23,49,1024
159446292,23,50,1024
159506341,23,50,1024
159566390,23,51,1024
159626439,23,52,1024
159686488,23,52,1024
159746537,23,52,1024
159806586,23,54,1024
159866635,23,58,1024
159926685,23,58,1024
159986733,22,59,1024
160046808,22,60,1024
160106857,23,60,1024
160166906,22,59,1024
160226955,23,60,1024
160287004,23,60,1024
160347053,23,60,1024
160407102,23,61,1024
160467151,24,60,1024
160527200,23,59,1024
160587249,23,60,1024
160647298,23,60,1024
160707347,23,60,1024
160767396,23,60,1024
160827445,23,60,1024
160887494,24,59,1024
160947543,24,58,1024
161007592,24,58,1024
161067641,24,57,1024
161127690,25,55,1024
161187739,25,55,1024
161247788,25,55,1024
161307837,25,54,1024
161367889,25,54,1024
161427947,26,54,1024
161487996,26,54,1024
161548045,26,54,1024
161608094,25,53,1024
161668143,26,55,1024
161728192,26,55,1024
161788241,26,56,1024
161848291,26,56,1024
161908339,25,56,1024
161968388,25,57,1024
162028437,25,57,1024
162088486,25,58,1024
162148535,25,59,1024
162208584,25,59,1024
162268633,24,59,1024
162328682,24,59,1024
162388731,25,59,1024
162448780,25,58,1024
162508829,25,60,1024
162568879,24,60,1024
162628927,24,60,1024
162688976,24,60,1024
162749025,24,59,1024
162809079,25,58,1024
162869128,25,58,1024
162929177,25,58,1024
162989226,25,58,1024
163049275,25,57,1024
163109324,25,56,1024
163169373,25,56,1024
163229422,25,55,1024
163289471,25,55,1024
163349520,25,56,1024
163409569,26,56,1024
163469618,26,54,1024
163529667,26,54,1024
163589716,26,54,1024
163649765,26,54,1024
163709814,26,55,1024
163769863,25,55,1024
163829913,25,55,1024
163889961,25,57,1024
163950011,25,58,1024
164010059,24,58,1024
164070108,24,59,1024
164130157,24,60,1024
164190214,23,61,1024
164250262,24,62,1024
164310311,24,62,1024
164370360,24,62,1024
164430409,24,62,1024
164490458,24,62,1024
164550507,23,62,1024
164610556,23,62,1024
164670606,23,63,1024
164730655,23,62,1024
164790703,23,62,1024
164850752,23,62,1024
164910801,24,61,1024
164970850,24,61,1024
165030899,24,60,1024
165090948,24,60,1024
165151002,24,60,1024
165211051,24,60,1024
165271100,24,60,1024
165331149,24,61,1024
165391199,23,61,1024
165451247,23,61,1024
165511296,24,62,1024
165571345,23,63,1024
165631400,22,63,1024
165691449,23,63,1024
165751498,22,64,1024
165811547,23,64,1024
165871596,22,64,1024
165931645,23,63,1024
165991694,23,63,1024
166051743,22,62,1024
166111792,23,62,1024
166171841,23,62,1024
166231890,23,62,1024
166291939,23,61,1024
166351988,23,61,1024
166412038,23,61,1024
166472088,23,61,1024
166532136,23,59,1024
166592185,23,60,1024
166652234,23,60,1024
166712284,23,61,1024
166772332,23,60,1024
166832381,23,60,1024
166892430,24,59,1024
166952479,24,58,1024
167012535,24,58,1024
167072584,24,57,1024
167132633,24,57,1024
167192682,23,58,1024
167252731,24,59,1024
167312780,24,59,1024
167372829,24,59,1024
167432878,24,58,1024
167492927,24,58,1024
167553048,24,56,1024
167613098,24,55,1024
167673148,24,54,1024
167733197,25,53,1024
167793246,25,53,1024
167853296,25,52,1024
167913346,25,53,1024
167973396,25,53,1024
168033446,25,52,1024
168093495,25,52,1024
168153544,25,51,1024
168213594,26,51,1024
168273643,26,50,1024
168333693,26,49,1024
168393748,26,49,1024
168453797,26,50,1024
168513846,27,50,1024
168573896,26,51,1024
168633945,26,49,1024
168693995,26,49,1024
168754045,26,50,1024
168814094,26,49,1024
168874146,27,48,1024
168934199,26,47,1024
168994426,27,46,1024
169054510,27,46,1024
169114559,27,45,1024
169174609,27,47,1024
169234657,27,45,1024
169294706,27,46,1024
169354755,28,47,1024
169414805,27,45,1024
169474853,28,45,1024
169534902,28,44,1024
169594951,28,44,1024
169655000,28,43,1024
169715049,28,43,1024
169775098,28,43,1024
169835145,28,42,1024
169895194,28,42,1024
169955243,28,42,1024
170015292,28,41,1024
170075341,27,41,1024
170135390,27,42,1024
170195439,27,42,1024
170255488,27,44,1024
170315537,27,44,1024
170375586,26,58,1024
170435635,25,63,1024
170495685,25,63,1024
170555736,25,64,1024
170615785,25,66,1024
170675834,25,66,1024
170735883,24,67,1024
170795932,24,67,1024
170855981,24,67,1024
170916030,24,67,1024
170976079,24,67,1024
171036128,24,66,1024
171096177,24,67,1024
171156226,24,67,1024
171216282,24,67,1024
171276331,24,66,1024
171336380,24,66,1024
171396429,24,65,1024
171456478,24,66,1024
171516527,24,66,1024
171576576,23,66,1024
171636625,24,66,1024
171696674,24,66,1024
171756723,24,67,1024
171816772,23,66,1024
171876821,24,66,1024
171936870,23,66,1024
171996919,24,65,1024
172056968,23,62,1024
172117017,23,62,1024
172177066,23,62,1024
172237115,23,66,1024
172297164,23,65,1024
172357213,23,66,1024
172417262,23,66,1024
172477311,23,67,1024
172537361,23,66,1024
172597415,23,67,1024
172657467,23,67,1024
172717520,23,66,1024
172777569,23,68,1024
172837618,22,68,1024
172897667,23,68,1024
172957716,23,68,1024
173017765,22,68,1024
173077814,22,67,1024
173137863,23,66,1024
173197912,23,67,1024
173257961,23,67,1024
173318011,23,66,1024
173378060,23,66,1024
173438109,23,66,1024
173498158,23,65,1024
173558207,23,66,1024
173618256,23,65,1024
173678305,23,65,1024
173738354,23,64,1024
173798403,22,64,1024
173858452,23,64,1024
173918502,23,63,1024
173978557,23,64,1024
174038606,23,64,1024
174098656,22,64,1024
174158705,22,65,1024
174218754,22,65,1024
174278803,22,66,1024
174338852,22,66,1024
174398901,22,66,1024
174458950,22,67,1024
174518999,22,68,1024
174579048,22,67,1024
174639097,22,65,1024
174699146,22,65,1024
174759195,22,65,1024
174819244,22,65,1024
174879293,22,64,1024
174939342,23,64,1024
174999391,22,63,1024
175059440,23,63,1024
175119489,23,63,1024
175179538,23,62,1024
175239588,23,61,1024
175299637,23,61,1024
175359686,23,60,1024
175419741,23,60,1024
175479790,23,59,1024
175539839,23,59,1024
175599888,24,58,1024
175659937,24,57,1024
175719986,24,57,1024
175780035,24,56,1024
175840084,24,56,1024
175900133,24,57,1024
175960182,24,57,1024
176020231,24,56,1024
176080280,24,56,1024
176140330,24,56,1024
176200379,24,56,1024
176260428,24,56,1024
176320477,24,57,1024
176380526,24,55,1024
176440578,24,56,1024
176500633,24,56,1024
176560682,24,56,1024
176620731,24,57,1024
176680780,24,57,1024
176740829,24,57,1024
176800885,24,57,1024
176860934,24,57,1024
176920983,23,57,1024
176981032,24,57,1024
177041081,23,58,1024
177101130,23,57,1024
177161179,23,57,1024
177221228,23,57,1024
177281277,24,56,1024
177341326,23,57,1024
177401375,23,57,1024
177461424,23,58,1024
177521473,23,58,1024
177581522,23,58,1024
177641571,22,58,1024
177701620,23,58,1024
177761669,23,59,1024
177821718,23,58,1024
177881767,23,57,1024
177941816,23,57,1024
178001865,23,58,1024
178061914,23,58,1024
178121963,23,58,1024
178182017,23,58,1024
178242066,23,58,1024
178302115,23,59,1024
178362164,23,60,1024
178422213,22,60,1024
178482262,22,60,1024
178542311,22,61,1024
178602360,22,60,1024
178662409,22,62,1024
178722499,22,62,1024
178782548,22,62,1024
178842597,22,62,1024
178902646,22,63,1024
178962695,22,64,1024
179022744,22,65,1024
179082793,21,64,1024
179142842,21,64,1024
179202892,21,63,1024
179262940,21,63,1024
179322990,21,63,1024
179383039,21,63,1024
179443087,21,64,1024
179503137,21,63,1024
179563192,21,63,1024
179623241,21,63,1024
179683290,21,62,1024
179743339,22,63,1024
179803388,21,63,1024
179863438,21,63,1024
179923487,21,63,1024
179983535,21,63,1024
180043584,21,63,1024
180103633,21,62,1024
180163682,20,60,1024
180223737,21,62,1024
180283786,21,62,1024
180343836,21,62,1024
180403885,21,62,1024
180463934,20,62,1024
180523983,20,62,1024
180584032,21,63,1024
180644081,20,62,1024
180704130,20,62,1024
180764179,20,62,1024
180824228,20,62,1024
180884277,20,62,1024
180944326,20,62,1024
181004381,20,62,1024
181064430,20,62,1024
181124479,20,62,1024
181184528,20,62,1024
181244578,20,62,1024
181304626,20,62,1024
181364675,20,61,1024
181424724,20,61,1024
181484773,20,61,1024
181544822,20,61,1024
181604871,20,61,1024
181664921,20,61,1024
181724970,20,61,1024
181785019,20,60,1024
181845068,20,60,1024
181905117,20,60,1024
181965166,20,60,1024
182025215,20,59,1024
182085264,20,59,1024
182145313,20,59,1024
182205362,20,59,1024
182265411,20,60,1024
182325460,20,59,1024
182385515,20,59,1024
182445564,19,59,1024
182505613,20,59,1024
182565662,20,59,1024
182625711,20,58,1024
182685760,20,59,1024
182745809,20,59,1024
182805859,20,59,1024
182865907,20,59,1024
182925956,20,60,1024
182986005,20,60,1024
183046054,20,60,1024
183106104,20,61,1024
183166152,19,61,1024
183226201,19,61,1024
183286267,19,61,1024
183346316,19,60,1024
183406365,19,61,1024
183466414,19,61,1024
183526463,19,61,1024
183586512,20,60,1024
183646561,19,61,1024
183706610,19,61,1024
183766683,19,61,1024
183826732,19,61,1024
183886785,19,61,1024
183946837,19,62,1024
184006886,19,62,1024
184066935,19,60,1024
184126984,21,55,1024
184187033,22,52,1024
184247082,22,52,1024
184307131,21,52,1024
184367180,21,54,1024
184427229,21,54,1024
184487278,20,54,1024
184547327,21,56,1024
184607376,20,56,1024
184667425,20,56,1024
184727474,20,57,1024
184787523,20,57,1024
184847573,19,57,1024
184907622,19,57,1024
184967671,19,57,1024
185027720,19,57,1024
185087769,19,58,1024
185147818,19,58,1024
185207866,19,58,1024
185267916,20,58,1024
185327966,19,58,1024
185388016,19,58,1024
185448066,20,56,1024
185508116,22,51,1024
185568166,24,44,1024
185628216,24,41,1024
185688266,24,52,1024
185748316,22,60,1024
185808366,21,60,1024
185868416,21,61,1024
185928466,20,61,1024
185988516,20,64,1024
186048565,20,65,1024
186108615,20,66,1024
186168665,19,65,1024
186228715,19,65,1024
186288765,19,66,1024
186348815,19,65,1024
186408865,20,65,1024
186468915,19,65,1024
186528965,19,65,1024
186589021,19,64,1024
186649071,19,64,1024
186709121,20,62,1024
186769171,22,57,1024
186829221,22,54,1024
186889271,22,55,1024
186949321,21,54,1024
187009371,21,56,1024
187069421,21,56,1024
187129471,20,56,1024
187189521,20,57,1024
187249571,20,57,1024
187309621,20,58,1024
187369671,19,58,1024
187429721,19,58,1024
187489771,19,59,1024
187549821,19,59,1024
187609871,19,59,1024
187669921,19,59,1024
187729977,19,59,1024
187790027,19,59,1024
187850077,20,57,1024
187910127,21,52,1024
187970182,22,50,1024
188030232,22,50,1024
188090282,21,51,1024
188150332,21,52,1024
188210382,21,53,1024
188270432,20,53,1024
188330482,20,54,1024
188390532,20,55,1024
188450582,19,55,1024
188510632,19,55,1024
188570682,19,56,1024
188630732,19,56,1024
188690782,19,55,1024
188750832,19,55,1024
188810882,19,56,1024
188870932,19,56,1024
188930982,19,56,1024
188991032,19,56,1024
189051082,20,54,1024
189111132,22,49,1024
189171181,23,42,1024
189231231,24,40,1024
189291281,23,48,1024
189351337,22,62,1024
189411387,21,60,1024
189471437,20,58,1024
189531487,20,60,1024
189591537,20,63,1024
189651587,20,63,1024
189711637,20,63,1024
189771687,20,63,1024
189831737,20,63,1024
189891787,20,63,1024
189951837,19,63,1024
190011887,19,63,1024
190071937,19,63,1024
190131987,19,63,1024
190192037,19,62,1024
190252087,19,62,1024
190312137,19,61,1024
190372187,19,61,1024
190432237,19,60,1024
190492287,19,59,1024
190552337,20,57,1024
190612387,22,52,1024
190672437,23,49,1024
190732486,22,50,1024
190792541,22,51,1024
190852591,21,51,1024
190912641,21,52,1024
190972691,21,52,1024
191032741,20,52,1024
191092790,20,53,1024
191152840,20,54,1024
191212890,20,54,1024
191273061,20,55,1024
191333233,20,54,1024
191393524,19,55,1024
191453620,20,55,1024
191513675,19,55,1024
191573727,19,55,1024
191633779,19,55,1024
191693831,19,55,1024
191753883,19,55,1024
191813935,19,55,1024
191873987,20,53,1024
191934039,22,47,1024
191994091,23,45,1024
192054143,22,46,1024
192114195,22,47,1024
192174253,21,47,1024
192234305,21,48,1024
192294356,20,48,1024
192354407,20,49,1024
192414458,20,50,1024
192474509,20,51,1024
192534560,19,51,1024
192594611,19,52,1024
192654662,19,52,1024
192714714,19,52,1024
192774766,20,52,1024
192834817,19,52,1024
192894869,19,52,1024
192954920,19,52,1024
193014972,20,49,1024
193075024,22,45,1024
193135075,22,43,1024
193195126,22,44,1024
193255177,22,45,1024
193315228,22,46,1024
193375279,21,46,1024
193435330,20,46,1024
193495381,20,47,1024
193555438,20,48,1024
193615489,20,49,1024
193675540,19,49,1024
193735591,19,49,1024
193795642,19,50,1024
193855693,19,50,1024
193915744,19,50,1024
193975794,20,48,1024
194035846,22,44,1024
194095897,23,42,1024
194155948,22,42,1024
194215999,22,44,1024
194276050,21,44,1024
194336102,21,46,1024
194396153,20,45,1024
194456204,20,47,1024
194516255,20,47,1024
194576305,20,48,1024
194636357,19,49,1024
194696408,19,49,1024
194756459,19,50,1024
194816510,19,50,1024
194876561,19,50,1024
194936619,19,50,1024
194996670,19,50,1024
195056721,20,47,1024
195116772,23,42,1024
195176823,25,35,1024
195236880,25,42,1024
195296931,23,44,1024
195356982,22,50,1024
195417033,22,53,1024
195477084,21,54,1024
195537135,21,56,1024
195597186,21,57,1024
195657237,20,57,1024
195717288,20,57,1024
195777339,19,58,1024
195837391,20,58,1024
195897442,20,58,1024
195957493,19,59,1024
196017545,19,59,1024
196077597,19,59,1024
196137648,19,59,1024
196197700,19,59,1024
196257751,21,57,1024
196317802,21,51,1024
196377859,23,49,1024
196437910,22,50,1024
196497962,22,51,1024
196558013,21,51,1024
196618065,21,53,1024
196678116,20,53,1024
196738167,20,54,1024
196798219,20,54,1024
196858270,20,55,1024
196918321,19,55,1024
196978373,19,56,1024
197038424,19,56,1024
197098475,19,56,1024
197158526,19,56,1024
197218577,19,56,1024
197278628,19,56,1024
197338680,19,57,1024
197398731,20,53,1024
197458782,23,47,1024
197518832,25,40,1024
197578884,24,47,1024
197638935,23,52,1024
197698986,22,55,1024
197759044,21,57,1024
197819095,21,59,1024
197879147,20,60,1024
197939198,20,62,1024
197999249,20,61,1024
198059300,19,63,1024
198119351,19,64,1024
198179402,19,64,1024
198239453,21,59,1024
198299504,23,51,1024
198359555,25,44,1024
198419606,25,42,1024
198479657,24,44,1024
198539708,23,47,1024
198599759,22,62,1024
198659810,20,66,1024
198719861,20,68,1024
198779912,19,69,1024
198839963,19,69,1024
198900015,19,70,1024
198960066,21,66,1024
199020123,23,57,1024
199080175,25,49,1024
199140232,25,47,1024
199200283,24,49,1024
199260334,23,52,1024
199320385,22,55,1024
199380437,22,58,1024
199440488,21,59,1024
199500539,21,61,1024
199560590,20,60,1024
199620641,20,61,1024
199680729,20,61,1024
199740780,20,62,1024
199800831,20,62,1024
199860882,19,61,1024
199920934,19,61,1024
199980985,19,61,1024
200041036,19,62,1024
200101088,19,62,1024
200161140,21,59,1024
200221191,23,51,1024
200281242,25,43,1024
200341294,25,42,1024
200401345,24,44,1024
200461396,23,60,1024
200521448,21,68,1024
200581498,20,68,1024
200641552,20,69,1024
200701604,20,69,1024
200761656,19,69,1024
200821708,19,70,1024
200881759,19,70,1024
200941811,19,70,1024
201001863,19,70,1024
201061915,21,65,1024
201121966,23,57,1024
201182018,25,50,1024
201242070,25,48,1024
201302121,25,50,1024
201362173,23,53,1024
201422225,22,57,1024
201482277,21,58,1024
201542329,21,60,1024
201602381,20,61,1024
201662433,20,62,1024
201722485,20,61,1024
201782537,20,62,1024
201842588,19,61,1024
201902640,19,62,1024
201962698,19,62,1024
202022750,19,62,1024
202082802,19,62,1024
202142854,21,58,1024
202202905,23,50,1024
202262957,25,43,1024
202323009,25,42,1024
202383061,24,44,1024
202443112,22,60,1024
202503164,21,67,1024
202563216,21,67,1024
202623267,20,68,1024
202683318,20,68,1024
202743369,19,69,1024
202803426,19,68,1024
202863478,19,69,1024
202923530,19,69,1024
202983582,21,64,1024
203043633,23,55,1024
203103685,25,48,1024
203163737,25,47,1024
203223789,24,49,1024
203283840,23,53,1024
203343897,22,56,1024
203403949,21,58,1024
203464001,21,60,1024
203524053,20,60,1024
203584104,20,61,1024
203644155,20,61,1024
203704207,20,62,1024
203764258,19,62,1024
203824310,19,62,1024
203884362,19,62,1024
203944414,19,63,1024
204004466,19,62,1024
204064518,21,57,1024
204124570,23,50,1024
204184622,25,44,1024
204244673,25,43,1024
204304724,24,45,1024
204364775,23,48,1024
204424826,21,62,1024
204484878,20,69,1024
204544929,20,70,1024
204604980,20,70,1024
204665031,19,70,1024
204725089,19,71,1024
204785140,19,71,1024
204845191,19,71,1024
204905242,21,65,1024
204965293,23,57,1024
205025344,25,49,1024
205085395,25,48,1024
205145446,24,51,1024
205205498,23,54,1024
205265549,22,57,1024
205325600,21,59,1024
205385651,21,60,1024
205445702,21,61,1024
205505753,20,61,1024
205565804,20,62,1024
205625855,19,62,1024
205685926,20,62,1024
205745977,20,63,1024
205806028,19,64,1024
205866079,19,64,1024
205926130,19,64,1024
205986181,19,64,1024
206046232,21,59,1024
206106283,23,52,1024
206166340,25,45,1024
206226391,24,44,1024
206286442,23,46,1024
206346493,23,50,1024
206406544,22,53,1024
206466595,21,54,1024
206526649,21,56,1024
206586703,20,56,1024
206646754,20,57,1024
206706806,20,58,1024
206766857,20,58,1024
206826908,20,59,1024
206886959,19,59,1024
206947010,19,60,1024
207007061,19,60,1024
207067112,19,60,1024
207127163,21,55,1024
207187214,23,47,1024
207247265,25,42,1024
207307316,24,49,1024
207367367,23,60,1024
207427419,22,62,1024
207487470,21,63,1024
207547528,20,63,1024
207607580,20,63,1024
207667632,20,63,1024
207727683,19,65,1024
207787734,19,66,1024
207847785,19,67,1024
207907836,19,67,1024
207967887,21,61,1024
208027939,23,53,1024
208087991,25,45,1024
208148042,25,45,1024
208208093,24,47,1024
208268144,23,50,1024
208328195,22,53,1024
208388246,21,55,1024
208448298,21,56,1024
208508349,20,56,1024
208568400,20,57,1024
208628451,19,59,1024
208688502,19,59,1024
208748553,19,60,1024
208808604,19,59,1024
208868655,21,54,1024
208928712,23,47,1024
208988764,25,41,1024
209048815,24,49,1024
209108866,22,56,1024
209168917,22,58,1024
209228968,21,59,1024
209289019,20,61,1024
209349070,20,62,1024
209409121,19,63,1024
209469173,19,64,1024
209529224,19,64,1024
209589275,21,59,1024
209649326,24,50,1024
209709377,25,44,1024
209769428,25,44,1024
209829479,24,46,1024
209889530,23,50,1024
209949581,22,53,1024
210009632,21,55,1024
210069684,21,57,1024
210129735,20,57,1024
210189786,20,58,1024
210249837,20,59,1024
210309901,19,59,1024
210369952,20,60,1024
210430003,19,61,1024
210490054,19,60,1024
210550105,21,54,1024
210610156,24,46,1024
210670207,25,40,1024
210730258,25,45,1024
210790309,23,58,1024
210850360,22,62,1024
210910411,21,64,1024
210970462,20,64,1024
211030513,20,64,1024
211090565,20,65,1024
211150616,19,65,1024
211210667,19,66,1024
211270718,19,66,1024
211330769,21,61,1024
211390821,24,52,1024
211450872,25,46,1024
211510923,25,45,1024
211570973,24,48,1024
211631025,23,51,1024
211691076,22,55,1024
211751133,21,57,1024
211811184,21,59,1024
211871235,21,60,1024
211931286,20,59,1024
211991337,19,61,1024
212051388,19,61,1024
212111440,19,62,1024
212171491,19,62,1024
212231542,19,61,1024
212291593,21,56,1024
212351643,24,48,1024
212411695,25,42,1024
212471746,24,42,1024
212531797,23,56,1024
212591848,22,66,1024
212651899,21,67,1024
212711951,20,67,1024
212772001,20,68,1024
212832053,19,68,1024
212892104,19,68,1024
212952155,19,69,1024
213012206,21,63,1024
213072258,24,53,1024
213132316,25,47,1024
213192367,25,46,1024
213252418,24,49,1024
213312469,23,52,1024
213372520,22,55,1024
213432571,21,56,1024
213492622,21,58,1024
213552673,20,58,1024
213612724,19,58,1024
213672894,19,60,1024
213733105,19,60,1024
213793159,19,60,1024
213853213,19,60,1024
213913264,21,54,1024
213973315,24,47,1024
214033366,26,39,1024
214093423,27,42,1024
214153475,25,47,1024
214213526,24,53,1024
214273577,23,56,1024
214333628,22,59,1024
214393679,21,60,1024
214453730,21,60,1024
214513787,20,60,1024
214573838,20,61,1024
214633889,20,61,1024
214693940,19,62,1024
214753992,19,63,1024
214814043,19,62,1024
214874094,21,57,1024
214934145,24,49,1024
214994196,25,44,1024
215054248,24,44,1024
215114299,23,47,1024
215174350,22,50,1024
215234401,22,53,1024
215294453,21,54,1024
215354504,20,55,1024
215414555,20,56,1024
215474606,20,57,1024
215534657,19,58,1024
215594708,19,58,1024
215654759,19,58,1024
215714810,19,58,1024
215774861,21,52,1024
215834912,24,44,1024
215894963,25,39,1024
215955013,24,48,1024
216015064,23,56,1024
216075115,22,60,1024
216135166,20,61,1024
216195217,20,62,1024
216255268,20,62,1024
216315319,19,63,1024
216375371,19,64,1024
216435422,22,59,1024
216495474,24,49,1024
216555525,25,43,1024
216615576,25,44,1024
216675627,24,47,1024
216735678,23,50,1024
216795730,22,54,1024
216855782,21,55,1024
216915834,21,55,1024
216975885,20,56,1024
217035936,20,57,1024
217095987,20,58,1024
217156038,19,58,1024
217216090,19,59,1024
217276142,19,59,1024
217336200,19,59,1024
217396251,21,53,1024
217456302,24,46,1024
217516353,25,40,1024
217576404,24,51,1024
217636455,23,63,1024
217696507,21,63,1024
217756559,21,65,1024
217816610,20,63,1024
217876667,20,64,1024
217936718,19,65,1024
217996770,19,65,1024
218056821,19,65,1024
218116873,22,59,1024
218176925,24,49,1024
218236976,25,44,1024
218297028,25,45,1024
218357079,24,48,1024
218417131,22,51,1024
218477183,22,54,1024
218537235,21,56,1024
218597287,20,57,1024
218657339,20,57,1024
218717396,19,59,1024
218777448,19,59,1024
218837500,19,60,1024
218897552,19,59,1024
218957604,19,59,1024
219017656,21,53,1024
219077707,24,45,1024
219137758,25,40,1024
219197809,24,51,1024
219257861,22,62,1024
219317913,21,63,1024
219377965,21,64,1024
219438016,20,64,1024
219498067,20,64,1024
219558119,19,65,1024
219618170,19,65,1024
219678221,19,66,1024
219738273,22,60,1024
219798324,24,51,1024
219858375,25,45,1024
219918427,24,46,1024
219978479,24,49,1024
220038530,22,52,1024
220098588,22,55,1024
220158639,21,57,1024
220218690,21,58,1024
220278741,20,57,1024
220338793,20,58,1024
220398844,19,58,1024
220458895,19,60,1024
220518947,19,60,1024
220578999,19,61,1024
220639050,19,60,1024
220699102,21,54,1024
220759153,24,47,1024
220819204,25,42,1024
220879255,24,43,1024
220939307,23,46,1024
220999359,22,49,1024
221059410,22,52,1024
221119461,21,53,1024
221179513,20,54,1024
221239564,20,56,1024
221299616,20,56,1024
221359667,19,57,1024
221419719,19,57,1024
221479770,19,58,1024
221539827,19,59,1024
221599882,19,58,1024
221659937,22,53,1024
221719989,24,44,1024
221780040,25,40,1024
221840091,24,53,1024
221900143,22,57,1024
221960195,22,60,1024
222020247,21,61,1024
222080339,20,61,1024
222140391,20,62,1024
222200443,19,63,1024
222260495,19,65,1024
222320547,20,64,1024
222380599,22,59,1024
222440651,24,50,1024
222500703,25,45,1024
222560755,24,46,1024
222620807,23,49,1024
222680858,22,52,1024
222740910,22,55,1024
222800962,21,56,1024
222861014,21,57,1024
222921072,20,56,1024
222981124,19,58,1024
223041176,20,59,1024
223101228,19,60,1024
223161280,19,60,1024
223221332,19,61,1024
223281383,20,60,1024
223341434,22,55,1024
223401485,24,46,1024
223461536,25,41,1024
223521587,25,42,1024
223581638,23,45,1024
223641689,22,58,1024
223701740,21,69,1024
223761791,20,69,1024
223821842,19,69,1024
223881894,19,72,1024
223941945,19,71,1024
224001996,19,70,1024
224062048,22,63,1024
224122099,24,53,1024
224182150,25,47,1024
224242201,25,48,1024
224302258,24,52,1024
224362309,23,54,1024
224422360,22,57,1024
224482411,22,59,1024
224542462,21,60,1024
224602513,20,59,1024
224662564,20,60,1024
224722615,20,62,1024
224782666,19,62,1024
224842717,19,62,1024
224902768,19,63,1024
224962820,19,63,1024
225022871,19,61,1024
225082922,22,56,1024
225142973,24,46,1024
225203025,27,39,1024
225263076,27,36,1024
225323127,26,38,1024
225383181,24,50,1024
225443236,23,62,1024
225503288,22,65,1024
225563339,20,63,1024
225623390,20,65,1024
225683448,20,65,1024
225743500,20,66,1024
225803551,19,66,1024
225863602,19,66,1024
225923653,20,65,1024
225983704,22,59,1024
226043755,24,51,1024
226103806,25,46,1024
226163858,25,46,1024
226223909,24,49,1024
226283960,23,52,1024
226344011,22,55,1024
226404062,21,56,1024
226464113,21,57,1024
226524165,21,58,1024
226584216,20,57,1024
226644267,20,59,1024
226704318,20,59,1024
226764369,19,60,1024
226824420,19,60,1024
226884472,19,61,1024
226944524,19,61,1024
227004576,19,61,1024
227064627,20,56,1024
227124703,23,50,1024
227184754,26,41,1024
227244805,27,36,1024
227304856,27,38,1024
227364907,25,54,1024
227424958,23,55,1024
227485009,22,57,1024
227545060,22,59,1024
227605111,21,61,1024
227665162,21,62,1024
227725213,20,62,1024
227785264,20,63,1024
227845315,20,64,1024
227905366,19,65,1024
227965417,19,65,1024
228025468,19,65,1024
228085519,19,66,1024
228145570,19,66,1024
228205622,21,61,1024
228265673,23,54,1024
228325724,24,47,1024
228385775,24,45,1024
228445826,24,47,1024
228505897,23,50,1024
228565946,22,53,1024
228625996,21,54,1024
228686045,21,56,1024
228746094,20,56,1024
228806143,20,57,1024
228866192,20,58,1024
228926241,19,59,1024
228986290,19,59,1024
229046339,19,60,1024
229106394,19,60,1024
229166443,19,60,1024
229226492,20,55,1024
229286541,23,47,1024
229346590,25,40,1024
229406639,25,42,1024
229466688,23,58,1024
229526737,22,62,1024
229586786,21,61,1024
229646835,21,62,1024
229706884,21,63,1024
229766934,20,62,1024
229826983,20,63,1024
229887038,19,63,1024
229947088,19,63,1024
230007138,19,64,1024
230067188,19,63,1024
230127238,21,58,1024
230187288,23,49,1024
230247337,25,42,1024
230307387,25,41,1024
230367437,24,43,1024
230427486,22,63,1024
230487536,21,68,1024
230547585,21,63,1024
230607635,20,66,1024
230667685,20,66,1024
230727734,19,66,1024
230787784,20,65,1024
230847834,19,66,1024
230907884,20,62,1024
230967934,22,56,1024
231027984,23,51,1024
231088034,23,49,1024
231148084,23,51,1024
231208134,22,53,1024
231268184,22,54,1024
231328232,21,55,1024
231388282,20,55,1024
231448332,20,55,1024
231508382,20,56,1024
231568432,19,57,1024
231628482,19,57,1024
231688532,19,58,1024
231748582,19,60,1024
231808632,21,56,1024
231868682,23,50,1024
231928732,25,44,1024
231988782,24,44,1024
232048832,23,45,1024
232108882,23,47,1024
232168932,22,49,1024
232228982,22,51,1024
232289032,21,52,1024
232349082,21,53,1024
232409132,21,54,1024
232469182,20,54,1024
232529232,20,55,1024
232589282,20,56,1024
232649331,20,56,1024
232709387,20,56,1024
232769437,20,56,1024
232829487,20,57,1024
232889543,20,56,1024
232949593,20,56,1024
233009643,21,53,1024
233069693,23,47,1024
233129743,24,43,1024
233189793,24,42,1024
233249843,24,44,1024
233309893,23,46,1024
233369943,22,47,1024
233429993,22,49,1024
233490043,22,50,1024
233550093,21,50,1024
233610143,21,51,1024
233670193,21,52,1024
233730243,21,53,1024
233790293,21,54,1024
233850343,21,54,1024
233910393,21,55,1024
233970443,20,54,1024
234030493,20,55,1024
234090548,20,55,1024
234150598,21,55,1024
234210648,20,54,1024
234270698,20,54,1024
234330748,20,54,1024
234390798,20,54,1024
234450848,20,53,1024
234510898,20,53,1024
234570948,20,54,1024
234631003,20,54,1024
234691053,21,54,1024
234751103,21,54,1024
234811153,21,54,1024
234871203,21,53,1024
234931253,21,53,1024
234991303,20,52,1024
235051353,21,53,1024
235111403,21,52,1024
235171453,21,51,1024
235231503,21,50,1024
235291553,21,50,1024
235351603,21,50,1024
235411653,22,51,1024
235471709,22,51,1024
235531759,22,51,1024
235591809,22,52,1024
235651859,22,52,1024
235711909,21,51,1024
235771959,21,52,1024
235832009,21,53,1024
235892059,21,53,1024
235952109,21,53,1024
236012280,21,53,1024
236072454,21,54,1024
236132747,21,54,1024
236192841,21,54,1024
236252893,21,55,1024
236312945,21,55,1024
236372997,21,55,1024
236433052,21,56,1024
236493104,21,56,1024
236553156,21,56,1024
236613208,21,55,1024
236673266,21,55,1024
236733318,21,54,1024
236793370,21,53,1024
236853422,21,54,1024
236913479,21,54,1024
236973531,22,54,1024
237033583,22,53,1024
237093634,22,52,1024
237153686,23,51,1024
237213738,23,51,1024
237273790,23,50,1024
237333842,23,50,1024
237393894,23,50,1024
237453946,23,50,1024
237513998,23,50,1024
237574050,23,51,1024
237634102,23,51,1024
237694154,23,51,1024
237754206,23,52,1024
237814258,23,52,1024
237874310,23,52,1024
237934362,23,52,1024
237994414,23,52,1024
238054466,23,52,1024
238114518,23,52,1024
238174570,23,52,1024
238234622,23,52,1024
238294680,23,52,1024
238354731,23,52,1024
238414782,23,52,1024
238474833,23,52,1024
238534884,23,52,1024
238594936,23,52,1024
238654987,23,52,1024
238715038,23,52,1024
238775089,23,52,1024
238835141,23,51,1024
238895193,23,51,1024
238955244,23,51,1024
239015295,23,50,1024
239075346,23,50,1024
239135397,23,50,1024
239195448,24,50,1024
239255499,23,51,1024
239315550,23,51,1024
239375601,24,51,1024
239435652,23,51,1024
239495703,23,51,1024
239555754,23,51,1024
239615806,24,51,1024
239675863,23,51,1024
239735914,23,52,1024
239795965,23,52,1024
239856016,23,52,1024
239916067,23,52,1024
239976118,23,53,1024
240036169,23,53,1024
240096221,23,53,1024
240156272,23,53,1024
240216323,23,53,1024
240276374,23,53,1024
240336425,23,52,1024
240396479,24,51,1024
240456533,24,49,1024
240516584,24,48,1024
240576635,24,47,1024
240636686,24,48,1024
240696737,24,47,1024
240756788,24,47,1024
240816840,24,47,1024
240876891,24,47,1024
240936942,24,47,1024
240996993,24,46,1024
241057051,24,46,1024
241117102,24,45,1024
241177153,24,46,1024
241237204,25,46,1024
241297255,24,46,1024
241357307,24,46,1024
241417358,24,55,1024
241477409,23,63,1024
241537461,23,63,1024
241597513,23,62,1024
241657565,23,61,1024
241717617,23,59,1024
241777669,24,58,1024
241837720,24,58,1024
241897771,24,59,1024
241957822,23,58,1024
242017874,24,58,1024
242077925,24,57,1024
242137976,24,57,1024
242198027,24,55,1024
242258078,24,54,1024
242318129,24,53,1024
242378180,25,51,1024
242438232,25,50,1024
242498289,25,50,1024
242558340,25,50,1024
242618391,25,50,1024
242678442,25,50,1024
242738493,25,50,1024
242798544,25,50,1024
242858595,25,50,1024
242918646,25,50,1024
242978697,25,50,1024
243038748,25,48,1024
243098799,26,48,1024
243158850,26,47,1024
243218901,26,46,1024
243278952,27,44,1024
243339003,27,43,1024
243399055,27,43,1024
243459107,28,43,1024
243519158,27,42,1024
243579209,27,43,1024
243639261,27,43,1024
243699313,27,43,1024
243759364,27,43,1024
243819415,27,43,1024
243879473,26,45,1024
243939524,27,46,1024
243999575,26,45,1024
244059626,26,45,1024
244119677,26,45,1024
244179734,26,45,1024
244239786,26,45,1024
244299838,26,45,1024
244359890,27,45,1024
244419977,26,44,1024
244480028,26,45,1024
244540080,26,46,1024
244600132,26,45,1024
244660184,26,45,1024
244720236,27,45,1024
244780287,26,45,1024
244840338,26,46,1024
244900390,26,45,1024
244960441,26,44,1024
245020492,26,44,1024
245080543,26,57,1024
245140594,25,59,1024
245200646,25,59,1024
245260703,26,57,1024
245320755,26,55,1024
245380806,26,54,1024
245440857,26,54,1024
245500909,26,54,1024
245560961,27,53,1024
245621013,26,53,1024
245681064,26,53,1024
245741115,26,52,1024
245801166,25,52,1024
245861217,26,53,1024
245921269,25,52,1024
245981321,25,53,1024
246041373,25,53,1024
246101425,25,53,1024
246161477,25,54,1024
246221528,25,53,1024
246281579,25,53,1024
246341631,24,52,1024
246401683,25,52,1024
246461735,25,51,1024
246521787,25,50,1024
246581839,25,51,1024
246641891,25,51,1024
246701941,25,51,1024
246761992,25,51,1024
246822043,24,51,1024
246882095,25,50,1024
246942146,25,50,1024
247002198,25,50,1024
247062250,25,49,1024
247122302,25,49,1024
247182354,25,49,1024
247242406,25,48,1024
247302457,24,48,1024
247362508,25,48,1024
247422559,25,48,1024
247482610,25,48,1024
247542661,25,47,1024
247602713,25,46,1024
247662765,25,45,1024
247722816,25,46,1024
247782868,25,44,1024
247842919,26,45,1024
247902971,26,44,1024
247963025,26,42,1024
248023079,27,42,1024
248083137,27,41,1024
248143188,27,40,1024
248203240,27,39,1024
248263292,27,41,1024
248323344,26,55,1024
248383396,26,57,1024
248443448,26,56,1024
248503500,25,53,1024
248563552,27,54,1024
248623604,27,52,1024
248683656,27,51,1024
248743708,27,51,1024
248803760,27,50,1024
248863812,27,49,1024
248923864,27,48,1024
248983916,28,47,1024
249043968,27,44,1024
249104020,28,43,1024
249164072,28,43,1024
249224123,28,43,1024
249284175,28,42,1024
249344227,29,43,1024
249404278,29,41,1024
249464354,29,41,1024
249524406,29,42,1024
249584457,29,41,1024
249644508,29,41,1024
249704560,29,41,1024
249764611,29,39,1024
249824662,28,48,1024
249884713,27,54,1024
249944764,27,56,1024
250004815,27,56,1024
250064866,27,56,1024
250124917,27,56,1024
250184968,27,54,1024
250245019,27,52,1024
250305070,27,51,1024
250365121,27,49,1024
250425172,27,50,1024
250485223,27,49,1024
250545274,27,48,1024
250605325,27,46,1024
250665376,27,45,1024
250725427,27,45,1024
250785478,28,45,1024
250845536,28,43,1024
250905587,28,43,1024
250965638,28,42,1024
251025689,28,41,1024
251085740,28,41,1024
251145791,28,39,1024
251205842,29,41,1024
251265893,28,52,1024
251325944,28,54,1024
251385995,27,54,1024
251446046,27,54,1024
251506097,27,54,1024
251566148,27,54,1024
251626199,27,53,1024
251686250,27,52,1024
251746307,28,52,1024
251806362,27,50,1024
251866413,27,49,1024
251926464,27,49,1024
251986515,27,48,1024
252046566,27,47,1024
252106617,27,47,1024
252166668,27,47,1024
252226719,27,46,1024
252286776,28,46,1024
252346828,27,45,1024
252406880,27,44,1024
252466932,27,45,1024
252526984,26,56,1024
252587036,25,60,1024
252647088,25,61,1024
252707140,25,61,1024
252767192,25,60,1024
252827244,26,61,1024
252887296,25,58,1024
252947348,26,57,1024
253007400,26,56,1024
253067452,26,53,1024
253127504,26,51,1024
253187556,26,51,1024
253247608,26,50,1024
253307659,26,49,1024
253367710,27,49,1024
253427761,26,50,1024
253487812,26,49,1024
253547863,26,49,1024
253607914,27,48,1024
253667972,26,49,1024
253728023,26,48,1024
253788074,26,48,1024
253848125,26,48,1024
253908176,25,47,1024
253968227,26,48,1024
254028278,26,48,1024
254088329,26,48,1024
254148380,26,48,1024
254208431,26,48,1024
254268482,26,47,1024
254328533,26,46,1024
254388584,27,47,1024
254448635,27,46,1024
254508686,27,46,1024
254568737,27,45,1024
254628788,27,45,1024
254688839,27,45,1024
254748890,27,45,1024
254808941,27,44,1024
254868992,27,45,1024
254929043,26,45,1024
254989094,26,45,1024
255049151,26,46,1024
255109202,26,46,1024
255169253,26,46,1024
255229304,26,47,1024
255289356,25,58,1024
255349407,24,61,1024
255409459,24,61,1024
255469513,24,61,1024
255529567,24,60,1024
255589618,24,59,1024
255649669,25,59,1024
255709720,25,57,1024
255769771,25,57,1024
255829823,25,56,1024
255889874,25,55,1024
255949926,26,56,1024
256009978,25,53,1024
256070030,25,53,1024
256130082,25,53,1024
256190134,25,53,1024
256250185,25,53,1024
256310236,25,52,1024
256370287,25,53,1024
256430345,25,52,1024
256490396,24,52,1024
256550447,25,52,1024
256610498,25,52,1024
256670549,25,52,1024
256730600,25,51,1024
256790651,25,50,1024
256850702,25,50,1024
256910754,25,50,1024
256970876,25,49,1024
257030928,25,49,1024
257090980,25,48,1024
257151032,25,49,1024
257211084,25,49,1024
257271136,25,48,1024
257331188,25,48,1024
257391240,25,49,1024
257451292,25,48,1024
257511344,24,60,1024
257571396,23,64,1024
257631448,23,65,1024
257691500,23,64,1024
257751552,23,63,1024
257811604,23,63,1024
257871662,23,63,1024
257931714,23,62,1024
257991766,24,62,1024
258051818,24,61,1024
258111870,24,61,1024
258171922,24,60,1024
258231974,24,59,1024
258292026,24,59,1024
258352078,24,59,1024
258412307,24,58,1024
258472395,24,57,1024
258532446,24,57,1024
258592497,24,56,1024
258652548,24,55,1024
258712599,24,55,1024
258772650,24,54,1024
258832701,24,53,1024
258892752,24,53,1024
258952803,24,53,1024
259012857,24,52,1024
259072908,24,51,1024
259132959,24,50,1024
259193010,24,50,1024
259253074,24,51,1024
259313125,25,50,1024
259373176,25,49,1024
259433227,25,49,1024
259493278,24,48,1024
259553329,25,48,1024
259613380,25,48,1024
259673431,25,48,1024
259733482,25,48,1024
259793533,25,48,1024
259853584,25,48,1024
259913635,25,49,1024
259973686,25,49,1024
260033737,24,50,1024
260093788,24,50,1024
260153839,24,50,1024
260213890,24,49,1024
260273941,24,50,1024
260333992,24,51,1024
260394043,24,51,1024
260454094,23,52,1024
260514145,23,52,1024
260574196,23,53,1024
260634253,23,53,1024
260694305,23,53,1024
260754356,23,55,1024
260814408,23,54,1024
260874459,23,55,1024
260934511,23,54,1024
260994563,22,55,1024
261054615,23,55,1024
261114667,23,55,1024
261174719,22,55,1024
261234770,23,55,1024
261294822,23,55,1024
261354874,22,55,1024
261414926,22,56,1024
261474978,22,57,1024
261535029,22,60,1024
261595080,21,71,1024
261655132,21,72,1024
261715183,21,72,1024
261775234,21,70,1024
261835286,21,68,1024
261895337,21,68,1024
261955388,21,69,1024
262015439,21,69,1024
262075489,21,68,1024
262135540,21,66,1024
262195591,21,66,1024
262255642,21,66,1024
262315693,21,66,1024
262375744,21,65,1024
262435796,21,66,1024
262495847,21,66,1024
262555898,21,66,1024
262615950,21,65,1024
262676001,21,65,1024
262736052,21,65,1024
262796103,21,65,1024
262856154,21,64,1024
262916205,22,65,1024
262976256,22,64,1024
263036310,22,64,1024
263096365,22,63,1024
263156417,22,63,1024
263216469,22,63,1024
263276521,22,64,1024
263336572,21,63,1024
263396624,21,63,1024
263456682,21,63,1024
263516734,21,63,1024
263576786,21,63,1024
263636838,21,63,1024
263696890,21,63,1024
263756942,21,63,1024
263816994,21,63,1024
263877046,21,63,1024
263937098,21,63,1024
263997150,21,63,1024
264057201,21,62,1024
264117253,20,61,1024
264177305,21,62,1024
264237357,21,62,1024
264297409,21,61,1024
264357461,21,62,1024
264417513,21,62,1024
264477565,21,62,1024
264537617,21,62,1024
264597669,21,62,1024
264657721,21,62,1024
264717773,21,62,1024
264777825,21,62,1024
264837882,21,62,1024
264897934,21,63,1024
264957986,21,63,1024
265018038,21,63,1024
265078090,21,63,1024
