SD8 4/16 5:30pm
SD8 4/17 3:20pm
SD8 4/23 2:40pm
SD8 4/29 4:00pm
SD8 5/06 4:00pm
SD8 5/13 10:30am
SD8 5/20 3:10pm
SD8 5/22 3:00pm


3001,21,71,936
2829,21,72,935
62871,21,72,935
122913,21,70,935
182955,22,71,935
242997,22,70,935
303039,22,69,935
363081,22,69,934
423123,21,68,934
483165,22,70,934
543207,22,70,935
603249,22,69,935
663291,22,70,934
723333,22,70,938
783375,22,70,934
843417,22,70,934
903459,22,69,934
963501,22,70,934
1023543,22,70,934
1083585,22,70,934
1143627,22,70,934
1203669,22,70,934
1263711,22,70,933
1323758,22,70,933
1383800,22,70,934
1443842,22,70,934
1503884,22,70,933
1563926,22,70,935
1623968,22,70,934
1684010,22,70,933
1744052,22,70,934
1831231,22,70,933
1891274,22,69,934
1951316,22,69,933
2011358,22,69,933
2071400,22,68,933
2131442,22,68,934
2191484,22,68,933
2251526,22,66,933
2311568,22,66,933
2371610,22,65,933
2431652,22,65,933
2491694,22,65,933
2551736,22,64,933
2611778,22,64,933
2671820,23,64,933
2731862,22,64,933
2791904,22,64,933
2851946,22,65,933
2911988,22,64,933
2972042,22,65,933
3032084,22,66,933
3092126,22,65,934
3152168,22,66,934
3212210,22,66,933
3272252,22,66,934
3332294,22,66,934
3392336,22,67,934
3452378,22,67,934
3512420,22,67,934
3572462,22,67,934
3632504,22,67,933
3692547,21,67,934
3752589,22,67,934
3812631,22,66,934
3872673,21,65,934
3932715,21,66,934
3992757,21,67,934
4052799,21,67,934
4112841,21,67,934
4172883,21,68,936
4233103,21,68,935
4293391,21,68,934
4353529,22,70,934
4413571,21,69,934
4473613,21,69,934
4533655,20,68,934
4593703,21,69,933
4653745,21,69,936
4713787,21,69,934
4773829,21,69,934
4833871,21,69,934
4893913,21,69,933
4953955,21,69,933
5013997,21,69,934
5074039,21,68,934
5134081,21,68,933
5194123,21,68,934
5254165,21,68,934
5314207,21,68,934
5374249,21,68,936
5434297,21,68,934
5494340,21,68,934
5554382,20,67,934
5614424,21,68,934
5674466,21,68,934
5734508,21,67,934
5794550,21,68,934
5854592,21,67,934
5914634,20,66,934
5974676,20,66,934
6034718,20,66,934
6094760,20,66,934
6154802,20,65,934
6214851,20,66,934
6274893,20,66,934
6334935,20,66,934
6395094,20,66,934
6455320,20,66,934
6515512,20,66,934
6575554,20,66,934
6635596,20,67,934
6695638,20,67,934
6755686,20,67,934
6815728,20,66,934
6875770,20,66,934
6935812,20,66,934
6995854,20,66,934
7055896,20,66,934
7115938,20,66,934
7175980,20,66,934
7236022,20,66,934
7296065,20,66,934
7356107,20,66,934
7416149,20,66,934
7476191,20,66,934
7536233,21,68,936
7596275,20,67,934
7656317,20,67,934
7716359,20,66,934
7776401,20,67,935
7836449,19,67,934
7896491,20,66,934
7956533,20,66,935
8016575,20,66,935
8076617,20,66,935
8136659,19,66,935
8196701,19,66,935
8256743,19,66,934
8316785,19,66,934
8376827,19,66,934
8436869,19,66,935
8496911,19,66,935
8556954,19,66,934
8616996,19,66,935
8677038,19,66,936
8737080,20,65,934
8797122,19,65,935
8857164,19,65,934
8917206,19,64,935
8977248,19,64,934
9037290,19,64,934
9097333,19,63,934
9157375,19,64,935
9217417,19,64,934
9277459,19,64,935
9337501,19,64,934
9397543,19,64,935
9457586,19,64,935
9517631,19,64,935
9577673,20,64,935
9637715,19,65,935
9697757,19,64,935
9757799,21,60,938
9817841,23,52,935
9877883,24,46,935
9937925,24,47,935
9997967,23,49,934
10058009,23,51,935
10118051,22,52,934
10178093,22,54,935
10238135,21,54,935
10298177,21,55,934
10358219,21,56,935
10418261,21,57,935
10478303,20,56,934
10538345,20,57,934
10598387,20,57,935
10658429,20,58,935
10718471,20,58,935
10778513,20,58,934
10838555,20,58,935
10898597,20,58,935
10958639,20,58,935
11018687,19,59,935
11078729,19,59,935
11138771,20,59,935
11198813,19,59,934
11258856,19,59,935
11318897,19,58,935
11378939,19,58,935
11438981,19,58,935
11499023,19,58,935
11559065,19,58,935
11619107,19,58,935
11679149,19,58,935
11739191,19,59,935
11799233,19,59,935
11859275,21,54,935
11919317,22,50,935
11979359,22,50,935
12039401,22,51,935
12099443,21,51,935
12159485,20,51,935
12219527,20,52,936
12279569,20,53,935
12339611,21,55,935
12399653,20,55,935
12459695,20,56,935
12519742,19,56,936
12579784,19,56,936
12639826,19,57,935
12699868,19,57,935
12759910,19,56,935
12819952,19,57,935
12879994,19,57,936
12940036,19,57,935
13000078,19,57,935
13060120,19,56,936
13120162,22,51,935
13180204,23,44,935
13240246,24,39,935
13300288,24,40,938
13360330,23,42,936
13420372,23,45,936
13480414,22,46,936
13540456,22,48,938
13600498,21,49,936
13660540,21,51,936
13720584,20,51,936
13780629,20,52,936
13840671,20,52,936
13900713,20,54,936
13960755,19,54,936
14020797,19,55,936
14080846,19,55,939
14140888,19,55,936
14200930,19,56,936
14260972,19,56,936
14321014,19,56,936
14381056,19,56,936
14441098,19,56,936
14501140,19,55,936
14561182,22,50,936
14621225,23,42,936
14681267,24,38,936
14741309,24,39,936
14801351,23,41,936
14861393,22,43,936
14921435,22,45,936
14981477,21,45,936
15041519,21,47,936
15101561,20,48,937
15161603,20,49,937
15221645,20,50,937
15281687,20,51,938
15341729,19,51,937
15401771,19,52,937
15461813,19,52,937
15521855,19,53,938
15581903,19,53,938
15641945,19,53,938
15701987,19,54,938
15762030,19,54,939
15822072,19,53,939
15882114,22,47,938
15942156,24,38,939
16002198,26,34,939
16062240,25,38,939
16122282,23,55,939
16182324,22,57,939
16242368,21,55,939
16302410,21,60,939
16362452,20,61,939
16422494,20,61,939
16482536,20,61,940
16542578,20,61,939
16602621,19,62,939
16662663,19,62,939
16722705,19,62,939
16782747,20,62,940
16842789,19,62,939
16902831,19,62,940
16962873,18,61,940
17022915,19,61,939
17082960,22,54,940
17143012,24,43,940
17203054,25,39,939
17263097,25,40,939
17323139,23,56,940
17383181,22,65,940
17443223,20,65,940
17503265,20,66,940
17563307,20,66,940
17623349,20,67,940
17683391,19,67,940
17743433,19,67,940
17803475,20,67,940
17863694,19,66,940
17923835,19,66,940
17983877,19,66,940
18043921,20,65,940
18103963,22,58,940
18164005,24,48,940
18224047,25,43,940
18284089,24,45,940
18344131,23,48,940
18404173,23,51,940
18464215,22,54,940
18524257,21,55,940
18584299,21,57,940
18644341,20,57,940
18704388,19,57,940
18764430,20,57,940
18824472,19,58,940
18884514,19,58,940
18944556,19,59,940
19004598,19,59,940
19064640,19,60,940
19124682,19,60,940
19184724,19,59,940
19244766,22,52,940
19304808,24,42,940
19364850,25,38,940
19424892,24,40,940
19484934,23,54,940
19544976,21,65,940
19605018,20,64,940
19665060,20,65,940
19725102,20,66,940
19785144,19,67,940
19845188,19,67,940
19905232,18,67,941
19965277,19,67,941
20025319,19,66,941
20085361,22,58,940
20145403,24,48,940
20205452,25,43,940
20265494,24,45,940
20325536,23,48,940
20385578,22,51,941
20445620,22,54,940
20505662,21,55,940
20565704,20,56,941
20625746,20,57,941
20685788,20,57,941
20745830,19,58,941
20805872,19,59,941
20865914,19,59,941
20925956,18,60,941
20985998,19,60,941
21046041,20,58,941
21106083,22,51,940
21166125,24,42,940
21226167,25,38,941
21286209,24,40,941
21346251,23,43,941
21406293,22,47,941
21466335,21,49,941
21526377,20,51,941
21586419,20,52,941
21646463,19,54,941
21706505,19,55,941
21766553,19,55,942
21826595,19,55,941
21886637,19,56,942
21946679,19,56,941
22006721,19,54,941
22066764,22,47,941
22126806,24,38,941
22186848,25,35,941
22246890,24,36,941
22306932,23,39,941
22366974,22,42,941
22427194,21,44,942
22487329,21,46,942
22547371,20,47,942
22607413,20,49,942
22667455,19,50,942
22727497,19,51,942
22787539,19,52,942
22847581,19,53,942
22907623,19,54,942
22967665,19,51,942
23027707,22,45,942
23087749,24,37,942
23147791,25,34,942
23207836,24,35,942
23267888,23,38,942
23327930,22,41,942
23387972,21,43,942
23448016,21,46,942
23508058,20,46,943
23568100,19,48,944
23628142,19,50,943
23688184,19,50,943
23748226,19,51,943
23808268,19,52,943
23868310,19,49,942
23928352,22,43,943
23988394,24,35,942
24048436,24,32,943
24108478,24,34,943
24168520,23,37,943
24228562,23,40,942
24288604,21,42,943
24348646,21,44,943
24408688,20,45,943
24468730,20,46,943
24528772,19,47,943
24588814,19,48,943
24648856,19,49,943
24708898,19,50,943
24768940,19,48,943
24828987,22,41,944
24889029,24,34,943
24949071,25,31,943
25009113,24,33,943
25069155,23,36,943
25129198,22,39,943
25189240,21,41,943
25249284,20,42,943
25309326,20,44,943
25369368,20,45,943
25429410,19,46,943
25489452,19,47,943
25549494,19,48,943
25609536,19,49,943
25669578,19,49,943
25729620,20,47,943
25789662,22,41,944
25849704,24,34,943
25909745,25,31,943
25969787,24,33,943
26029831,23,35,943
26089876,22,38,943
26149918,21,40,943
26209960,21,42,943
26270002,19,43,943
26330044,20,45,943
26390092,19,45,943
26450134,19,46,943
26510176,19,47,943
26570218,19,47,944
26630260,19,48,944
26690302,20,46,943
26750344,22,41,943
26810386,24,34,943
26870428,25,31,943
26930470,24,33,943
26990512,23,35,943
27050556,22,38,943
27110598,21,39,943
27170640,21,41,943
27230682,20,42,943
27290724,20,43,944
27350766,20,45,944
27410808,19,46,943
27470850,19,47,943
27530892,19,47,943
27590934,19,48,944
27650976,19,49,943
27711018,20,46,943
27771060,22,40,943
27831279,24,33,944
27891346,25,31,943
27951388,24,33,944
28011430,23,35,944
28071472,22,39,943
28131514,21,40,944
28191556,21,42,943
28251598,20,43,944
28311640,20,44,944
28371682,19,46,944
28431724,19,46,944
28491766,19,47,944
28551808,19,48,944
28611850,19,48,944
28671892,20,46,944
28731934,23,39,944
28791976,25,32,944
28852020,24,30,944
28912065,24,32,944
28972107,23,35,944
29032149,22,38,944
29092191,21,40,946
29152233,21,42,944
29212275,20,43,944
29272317,20,44,944
29332359,19,45,944
29392401,19,46,944
29452450,19,46,944
29512492,19,47,944
29572534,19,47,944
29632576,20,46,944
29692618,22,40,944
29752660,24,33,944
29812703,25,31,946
29872744,25,32,947
29932786,23,35,944
29992828,22,38,944
30052870,22,40,944
30112912,21,41,944
30172954,20,42,944
30232996,20,43,944
30293038,19,44,944
30353080,19,45,944
30413122,19,46,944
30473164,19,46,944
30533206,19,47,946
30593248,20,45,946
30653292,22,39,946
30713335,24,33,946
30773377,25,31,946
30833419,24,33,946
30893461,23,35,947
30953508,22,38,944
31013550,21,39,946
31073592,21,41,944
31133633,20,42,946
31193675,20,43,945
31253717,19,43,944
31313759,19,44,946
31373801,19,46,947
31433844,19,47,947
31493885,20,44,946
31553927,22,39,946
31613969,24,32,947
31674010,25,30,947
31734052,24,32,948
31794094,23,35,946
31854136,22,37,946
31914178,21,39,945
31974220,20,40,946
32034262,20,42,947
32094304,20,43,946
32154348,19,44,947
32214393,19,45,947
32274435,20,45,946
32334477,19,46,947
32394519,19,47,947
32454563,20,44,947
32514611,22,39,947
32574653,24,32,947
32634695,25,30,947
32694737,24,32,947
32754779,23,35,947
32814821,22,37,947
32874863,21,39,946
32934905,21,40,947
32994947,20,41,947
33054989,20,42,947
33115031,20,43,947
33175073,19,44,947
33235115,19,45,947
33295157,19,46,947
33355199,20,43,947
33415241,23,37,947
33475283,24,31,944
33535325,25,29,947
33595367,24,31,948
33655409,23,34,948
33715451,22,36,947
33775493,21,38,947
33835535,21,39,947
33895577,20,40,948
33955619,20,41,947
34015660,19,43,947
34075707,19,44,947
34135749,19,44,948
34195791,19,45,948
34255835,19,46,948
34315877,19,44,948
34375919,23,38,948
34435961,25,31,948
34496003,25,29,948
34556045,24,31,948
34616087,23,34,948
34676129,22,37,949
34736171,21,39,948
34796213,20,40,948
34856255,20,41,948
34916297,20,42,948
34976341,19,43,948
35036387,19,44,948
35096429,19,45,948
35156471,19,45,948
35216513,20,42,948
35276555,23,37,949
35336597,25,31,949
35396640,25,29,948
35456681,24,31,948
35516723,23,34,949
35576771,22,36,949
35636813,21,38,948
35696855,21,40,949
35756897,20,40,948
35816939,20,42,949
35876981,19,43,948
35937023,19,44,948
35997065,19,45,949
36057109,19,45,949
36117151,19,46,949
36177193,20,42,949
36237235,23,37,949
36297277,25,31,949
36357319,25,29,949
36417458,24,31,949
36477500,23,34,949
36537543,22,36,949
36597585,21,38,949
36657627,21,39,949
36717669,20,40,950
36777711,20,42,949
36837753,19,42,950
36897795,20,44,949
36957837,19,44,949
37017879,19,45,949
37077921,19,45,950
37137969,20,42,949
37198011,23,36,949
37258053,25,30,949
37318095,25,29,949
37378138,24,31,949
37438180,23,34,949
37498222,22,36,949
37558264,21,38,949
37618306,21,40,949
37678348,20,40,949
37738390,21,42,949
37798433,19,43,949
37858477,19,43,949
37918519,19,44,949
37978561,19,44,949
38038603,19,45,949
38098645,20,42,949
38158687,23,36,949
38218729,25,30,949
38278771,25,29,949
38338814,24,30,950
38398856,23,33,949
38458899,22,36,950
38518941,21,37,949
38578983,21,39,949
38639032,20,40,949
38699074,20,40,949
38759116,19,42,949
38819158,19,42,949
38879200,19,43,949
38939242,19,44,949
38999284,19,45,950
39059326,20,41,949
39119368,23,35,949
39179410,25,30,949
39239452,25,29,950
39299494,24,30,949
39359537,23,33,949
39419579,22,36,949
39479621,21,37,950
39539663,21,38,949
39599705,20,39,950
39659749,20,40,950
39719791,19,42,949
39779833,19,42,950
39839875,19,43,949
39899917,19,44,950
39959959,18,44,950
40020001,20,41,951
40080043,23,35,950
40140085,24,29,951
40200133,25,28,950
40260175,24,30,951
40320217,23,33,950
40380259,22,36,950
40440301,21,37,950
40500343,21,38,950
40560385,20,39,950
40620427,20,40,950
40680469,20,41,950
40740511,19,42,950
40800553,19,42,950
40860595,19,43,950
40920637,19,44,950
40980679,21,41,950
41040721,23,35,950
41100766,25,28,951
41160811,28,27,951
41220853,27,26,951
41280895,25,28,951
41340937,23,29,951
41400979,22,33,951
41461023,21,35,952
41521065,21,37,951
41581107,20,37,951
41641149,20,38,951
41701191,19,39,950
41761240,19,40,951
41821282,18,42,951
41881324,19,41,951
41941366,20,38,951
42001408,23,33,952
42061450,25,28,951
42121492,27,25,952
42181535,27,25,952
42241754,25,27,952
42301899,24,28,952
42361941,22,31,952
42421983,21,33,952
42482025,21,35,952
42542067,20,35,952
42602109,20,37,951
42662151,19,38,951
42722193,19,39,951
42782235,19,39,951
42842277,19,40,951
42902319,21,37,952
42962361,23,32,951
43022403,25,27,952
43082445,27,24,953
43142487,26,24,955
43202529,25,26,953
43262579,23,29,953
43322621,22,30,955
43382663,22,33,953
43442705,21,34,954
43502747,20,35,955
43562789,20,36,952
43622831,19,37,952
43682873,19,37,949
43742915,19,38,953
43802957,19,39,953
43862999,20,35,952
43923044,23,31,953
43983089,25,26,955
44043131,27,23,954
44103173,27,23,953
44163215,25,25,952
44223257,23,36,952
44283299,21,47,951
44343342,20,47,952
44403383,20,50,951
44463425,19,54,952
44523467,19,52,952
44583509,21,47,952
44643551,23,39,952
44703593,26,32,953
44763635,27,29,953
44823684,27,29,952
44883726,25,31,950
44943768,22,51,951
45005791,21,55,951
45065833,20,55,951
45125875,20,57,951
45185917,19,56,951
45245959,19,56,951
45306001,19,57,951
45366044,21,51,951
45426086,23,43,952
45486128,25,36,952
45546170,25,35,951
45606212,24,38,951
45666254,23,41,952
45726296,22,43,952
45786338,21,43,951
45846380,20,45,951
45906422,20,46,951
45966464,19,47,952
46026506,19,48,951
46086548,18,49,952
46146590,19,49,952
46206632,21,44,951
46266674,22,37,952
46326721,25,30,953
46386763,27,28,955
46446805,26,28,954
46506847,25,28,954
46566889,23,31,953
46626931,22,34,952
46686973,22,36,952
46747015,21,38,952
46807059,20,38,951
46867101,20,39,951
46927143,19,41,952
46987185,19,41,951
47047227,19,42,953
47107269,21,38,953
47167311,23,32,954
47227353,26,28,953
47287395,27,24,954
47347437,26,25,955
47407479,25,27,953
47467521,23,28,953
47527563,22,31,953
47587605,22,33,953
47647824,21,34,953
47707960,20,35,953
47768002,20,36,953
47828044,19,37,953
47888092,19,38,953
47948134,19,40,954
48008176,19,39,955
48068218,20,35,954
48128260,23,31,953
48188302,25,27,953
48248344,27,24,953
48308386,26,24,953
48368428,25,26,955
48428470,23,29,953
48488512,22,30,956
48548554,22,32,953
48608598,21,33,955
48668640,20,33,954
48728682,19,35,955
48788724,19,36,955
48848766,19,37,956
48908808,19,38,955
48968850,19,38,953
49028892,21,35,953
49088934,23,30,954
49148976,26,26,953
49209018,27,23,958
49269060,26,23,955
49329102,25,25,955
49389144,24,28,953
49449341,22,29,955
49509387,22,31,953
49569431,21,32,953
49629475,20,33,952
49689519,20,34,953
49749563,19,36,954
49809608,19,36,953
49869654,19,37,955
49929698,19,37,955
49989743,20,33,953
50049788,23,29,955
50109833,26,25,953
50169877,27,22,955
50229922,26,22,955
50289967,25,24,953
50350012,23,27,953
50414970,22,28,952
50475015,21,30,953
50535059,21,32,953
50595103,20,33,953
50655147,20,34,953
50715191,19,35,953
50775235,19,36,952
50835279,19,37,953
50895324,19,37,953
50955374,21,33,953
51015420,23,29,955
51075464,26,25,953
51135510,27,21,953
51195554,26,22,956
51255600,25,25,953
51315644,23,28,953
51375690,22,28,952
51435736,22,31,952
51495784,21,32,953
51555827,20,32,953
51615873,20,34,953
51675916,19,35,953
51735962,18,36,953
51796006,19,35,953
51856052,21,31,953
51916096,24,28,953
51976142,26,23,953
52036186,28,20,953
52096232,28,19,953
52156276,26,22,953
52226276,23,40,952
52286321,22,43,952
52346367,21,45,952
52406411,20,45,952
52466457,20,46,952
52526508,19,45,952
52586553,19,46,952
52646598,19,47,952
52706643,20,42,951
52766689,23,37,952
52826733,24,30,953
52886778,27,28,953
52946823,27,27,952
53006868,25,37,952
53066914,23,50,952
53126959,22,51,952
53187004,21,52,951
53247049,20,51,955
53307094,20,52,952
53367140,20,52,951
53427186,19,53,951
53487230,19,53,952
53547275,19,53,952
53607320,21,49,952
53667365,23,41,952
53727410,25,35,953
53787455,25,33,952
53847500,24,35,952
53907545,23,38,952
53967590,22,40,952
54027959,22,42,952
54088007,21,43,952
54148053,20,43,951
54208099,20,44,952
54268145,20,45,952
54328191,19,46,952
54388237,19,47,952
54448284,19,47,952
54508330,19,47,953
54568377,21,43,952
54628423,23,36,952
54688469,25,29,952
54748516,27,27,953
54808563,27,26,952
54868609,25,41,952
54928655,23,50,951
54988701,21,48,952
55048747,21,50,953
55108793,20,52,952
55168839,20,52,951
55228885,20,52,952
55288931,19,52,952
55348977,19,53,952
55409024,19,53,952
55469070,21,48,952
55529116,23,40,952
55589169,25,34,952
55649214,25,33,953
55709262,24,35,953
55769307,23,38,953
55829357,22,42,952
55889404,21,44,953
55949448,20,44,955
56009493,20,46,952
56069538,20,48,952
56129583,19,48,952
56189628,19,49,952
56249673,19,49,953
56309719,20,44,953
56369763,22,40,955
56429808,24,33,955
56489853,25,29,955
56549898,26,29,953
56609943,24,31,952
56669988,22,50,952
56730033,21,51,952
56790078,20,52,952
56850123,21,52,952
56910168,20,51,952
56970213,19,52,952
57030258,19,53,952
57090303,19,55,952
57150355,20,52,953
57210399,22,47,953
57270445,24,39,955
57330489,23,37,956
57390535,23,38,953
57450582,23,40,952
57510632,22,42,953
57570676,21,43,953
57630724,21,46,953
57690769,20,47,952
57750816,20,48,953
57810861,20,49,953
57870907,19,50,952
57930951,19,50,953
57990997,19,51,953
58051043,19,51,953
58111093,19,50,953
58171138,20,45,953
58231184,22,41,955
58291229,24,35,958
58351275,24,33,953
58411319,24,35,953
58471365,23,36,953
58531410,22,38,953
58591456,21,39,953
58651507,21,40,953
58711552,20,41,953
58771598,20,42,953
58831643,20,43,953
58891688,19,44,953
58951733,19,45,953
59011778,19,46,953
59071823,19,46,953
59131868,19,47,953
59191913,19,46,953
59251959,20,43,951
59312004,23,38,955
59372049,24,32,955
59432096,24,31,953
59492142,23,33,955
59552187,23,35,953
59612232,22,36,953
59672277,21,38,953
59732322,21,40,953
59792367,20,40,953
59852412,20,41,953
59912457,19,43,953
59972502,19,44,953
60032547,19,45,953
60092592,19,45,953
60152637,19,45,953
60212687,19,45,953
60272733,20,41,955
60332777,22,37,956
60392824,24,31,956
60452868,26,30,956
60512913,25,28,956
60572957,24,39,953
60633003,22,50,954
60693047,21,50,953
60753093,21,50,953
60813137,20,50,953
60873183,20,51,953
60933227,20,53,954
60993274,19,53,953
61053318,19,54,953
61113363,19,56,954
61173407,19,56,955
61233455,21,50,955
61293501,23,43,955
61353547,25,37,956
61413591,25,36,953
61473637,24,37,955
61533682,22,55,955
61593727,21,60,953
61653771,20,60,953
61713824,19,60,955
61773868,19,60,955
61833914,19,62,955
61893959,19,61,955
61954007,19,61,956
62014055,19,62,955
62074101,20,57,955
62134146,23,51,956
62194191,24,43,956
62254236,24,42,955
62314281,24,43,956
62374327,23,45,956
62434371,22,46,955
62494416,22,48,956
62554461,21,50,956
62614506,21,51,956
62674551,20,51,956
62734596,20,52,956
62794641,20,53,956
62854686,20,54,956
62914731,19,54,956
62974776,20,54,956
63034823,19,55,956
63094869,19,55,956
63154915,19,55,957
63214959,19,55,956
63275011,19,53,957
63335055,21,50,956
63395101,23,43,957
63455145,24,36,959
63515191,24,35,956
63575235,24,37,956
63635281,23,38,956
63695325,22,40,956
63755371,22,42,956
63815415,21,43,958
63875461,21,45,956
63935505,21,46,956
63995551,21,46,956
64055595,20,46,956
64115641,20,46,956
64175685,20,46,958
64235731,20,46,956
64295775,20,46,956
64355821,20,46,956
64415868,20,45,956
64475918,20,46,956
64535962,21,47,956
64596007,20,44,956
64656051,20,45,956
64716097,20,45,956
64776141,20,44,956
64836195,20,43,956
64896240,21,44,956
64956286,21,43,956
65016330,21,43,956
65076376,21,43,956
65136420,21,44,956
65196466,21,44,956
65256510,21,43,956
65316556,21,42,956
65376600,21,43,956
65436646,21,43,957
65496690,21,42,956
65556736,22,42,956
65616780,21,42,956
65676827,22,42,956
65736871,22,44,957
65796917,20,55,957
65856961,20,61,958
65917008,20,63,957
65977052,20,62,957
66037098,21,61,957
66097142,21,61,959
66157188,21,60,957
66217235,21,60,956
66277285,21,58,956
66337335,21,56,958
66397380,21,55,958
66457425,21,54,958
66517470,21,53,958
66577515,21,53,958
66637562,21,52,956
66697647,21,50,957
66757696,21,52,958
66817740,22,51,959
66877786,21,51,958
66937830,21,50,958
66997876,21,50,958
67057920,21,51,960
67117966,21,49,958
67178010,21,50,958
67238057,21,49,958
67298100,21,50,959
67358146,21,50,959
67418190,21,50,959
67478236,21,49,958
67538280,21,49,959
67598326,21,48,959
67658370,22,48,959
67718416,22,47,959
67778461,22,47,959
67838507,22,60,959
67898558,22,63,959
67958604,22,62,959
68018649,22,59,959
68078693,23,56,959
68138738,23,54,960
68198783,23,54,959
68258828,23,52,960
68318873,23,53,960
68378918,23,53,959
68438965,23,53,960
68499011,22,65,961
68559056,22,70,961
68619101,22,71,960
68679146,22,71,960
68739191,22,71,961
68799236,22,68,960
68859281,22,67,961
68919326,22,67,961
68979371,22,69,962
69039416,22,67,964
69099461,22,66,962
69159506,22,64,962
69219552,22,62,965
69279597,22,62,964
69339642,23,60,965
69399694,22,68,966
69459741,22,69,966
69519791,22,68,966
69579836,23,66,965
69639882,23,64,966
69699927,23,63,965
69759974,23,62,966
69820018,23,61,965
69880064,23,61,966
69940108,23,59,966
70000155,23,58,966
70060199,23,57,965
70120246,23,56,965
70180291,23,67,966
70240339,22,67,967
70300388,22,66,965
70360437,22,65,965
70420483,22,64,965
70480529,23,63,966
70540575,23,60,965
70600620,23,59,966
70660665,24,56,965
70720710,24,54,968
70780755,24,52,966
70840801,24,51,966
70900846,25,50,967
70960898,24,51,966
71020942,24,64,967
71080989,23,66,966
71141033,23,62,965
71201080,23,61,966
71261123,24,60,965
71321169,24,59,967
71381214,23,58,966
71441260,24,58,966
71501304,24,58,967
71561350,24,58,966
71621394,24,56,965
71681440,24,54,965
71741484,24,63,966
71801531,23,68,966
71861576,23,67,966
71921622,23,65,966
71981667,23,63,966
72041715,23,61,966
72101761,24,60,962
72161806,24,59,967
72221890,24,56,966
72281938,24,55,966
72341983,24,53,967
72402031,24,53,966
72462079,25,49,967
72522135,24,62,966
72582183,24,66,966
72642234,24,64,966
72702282,24,62,966
72762333,24,59,965
72822382,24,57,966
72882433,24,56,966
72942481,24,54,966
73002532,24,52,966
73062580,24,51,966
73122631,24,49,966
73182680,24,63,966
73242730,24,64,966
73302779,24,64,966
73362830,24,61,966
73422879,25,58,970
73482930,25,56,966
73542980,25,55,966
73603030,25,54,966
73663080,25,53,967
73723130,25,52,966
73783179,25,50,966
73843232,25,50,966
73903281,25,47,967
73963332,25,57,967
74023394,24,63,967
74083438,24,63,966
74143483,24,61,966
74203528,24,59,967
74263573,25,57,967
74323618,25,56,967
74383663,25,55,967
74443708,25,52,967
74503753,26,51,967
74563798,26,47,967
74623843,26,47,967
74683888,26,57,968
74743934,26,55,967
74803978,26,56,967
74864023,26,55,968
74924068,26,55,968
74984113,26,55,967
75044159,25,53,967
75104203,25,53,968
75164249,25,53,967
75224293,25,52,967
75284338,25,50,967
75344383,25,60,967
75404428,24,63,967
75464474,24,63,967
75524518,24,60,967
75584568,24,60,967
75644616,24,60,967
75704662,24,59,967
75764707,24,58,967
75824751,24,56,967
75884798,24,56,967
75944841,24,55,967
76004887,23,66,967
76064931,23,68,967
76124977,23,67,967
76185021,23,65,967
76245068,23,63,967
76305112,23,62,968
76365157,24,59,971
76425202,23,58,968
76485248,23,57,968
76545291,23,56,968
76605337,24,57,968
76665381,23,67,968
76725427,22,67,968
76785471,22,66,967
76845517,22,64,968
76905562,22,63,967
76965608,22,63,968
77025652,22,61,968
77085703,23,59,967
77145748,22,60,968
77205793,22,57,968
77265838,22,57,968
77325883,22,56,968
77385928,22,56,968
77445975,22,56,968
77506021,22,54,968
77566066,22,53,970
77626111,22,54,968
77686156,21,51,967
77746201,22,52,968
77806246,21,50,967
77866291,22,50,967
77926336,21,49,967
77986382,22,50,967
78046427,21,48,967
78106472,21,48,967
78166517,21,47,967
78226562,21,48,968
78286607,21,47,968
78346652,22,48,968
78406697,21,46,968
78466742,21,45,968
78526787,21,45,970
78586832,21,45,968
78646884,22,46,968
78706929,22,45,967
78766975,22,45,968
78827019,22,44,969
78887065,22,44,968
78947109,22,44,967
79007155,22,45,968
79067199,21,43,966
79127245,21,43,968
79187289,21,44,968
79247337,21,44,970
79307383,21,42,968
79367431,21,43,969
79427479,21,44,968
79487524,21,44,968
79547569,21,43,968
79607614,21,42,968
79667659,22,41,968
79727704,22,39,968
79787749,23,37,968
79847794,23,36,968
79907839,23,35,968
79967884,23,34,968
80027930,23,34,968
80087974,23,34,968
80148019,23,35,967
80208071,23,36,966
80268115,23,36,967
80328161,23,36,967
80388205,23,35,967
80448252,23,47,968
80508295,22,52,967
80568341,22,51,967
80628386,21,52,968
80688432,21,50,967
80748476,21,51,967
80808522,21,49,967
80868566,21,51,968
80928612,21,50,967
80988657,21,47,968
81048704,22,48,968
81108749,22,47,967
81168795,22,47,967
81228839,22,46,968
81288885,22,46,967
81348929,21,45,968
81408975,21,45,968
81469019,21,44,968
81529065,21,44,968
81589109,21,44,968
81649155,20,42,968
81709206,21,43,968
81769251,21,42,968
81829297,21,42,968
81889341,21,42,968
81949386,21,41,968
82009431,21,41,968
82069476,21,40,968
82129521,21,40,968
82189566,21,40,968
82249611,21,40,968
82309656,21,40,967
82369701,21,41,967
82429746,22,41,968
82489791,21,40,968
82549839,21,40,968
82609887,21,40,968
82669934,20,39,968
82729979,20,40,968
82790024,20,40,968
82850071,20,41,969
82910117,20,40,969
82970162,20,40,969
83030207,20,41,968
83090253,20,40,968
83150298,20,40,968
83210343,20,39,967
83270394,21,40,968
83330440,21,40,968
83390485,21,39,969
83450532,21,39,968
83510575,21,37,968
83570621,21,36,968
83630665,22,37,968
83690711,22,37,971
83750755,22,36,968
83810801,22,36,968
83870845,22,35,968
83930891,23,34,967
83990935,22,33,968
84050981,23,32,968
84111026,23,32,968
84171072,23,32,967
84231116,23,32,968
84291162,23,32,969
84351206,23,32,968
84411252,23,32,970
84471296,22,38,968
84531342,22,48,968
84591386,22,49,968
84651434,22,49,971
84711479,22,48,967
84771531,22,49,968
84831576,22,49,968
84891621,22,48,968
84951667,22,48,970
85011712,22,48,969
85071757,22,48,968
85131802,22,47,968
85191848,22,46,968
85251892,22,45,968
85311937,22,45,968
85371982,22,45,968
85432028,22,45,967
85492073,22,45,966
85552118,22,45,968
85612163,22,45,967
85672208,22,44,968
85732254,21,43,970
85792298,22,44,969
85852343,21,43,969
85912388,21,42,970
85972433,21,42,969
86032478,21,41,969
86092523,21,42,969
86152568,21,42,970
86212613,21,42,970
86272658,21,42,970
86332710,21,42,970
86392754,21,41,968
86452802,21,40,969
86512848,21,41,968
86572893,21,40,970
86632938,21,40,970
86692983,21,40,970
86753028,21,40,970
86813073,21,40,970
86873118,21,39,970
86933163,21,39,970
86993208,22,40,970
87053253,21,40,968
87113298,21,39,969
87173343,21,39,968
87233389,21,39,969
87293434,21,39,968
87353479,21,39,969
87413524,21,39,971
87473568,20,38,968
87533613,21,40,969
87593658,21,40,968
87653704,21,40,969
87713748,21,40,968
87773793,21,40,968
87833839,21,39,969
87893890,21,38,969
87953934,21,38,970
88013980,21,39,970
88074024,21,39,970
88134070,21,39,971
88194114,21,40,970
88254162,22,41,970
88314207,21,40,969
88374253,21,41,968
88434297,21,40,969
88494345,21,39,968
88554389,21,41,968
88614435,21,40,970
88674479,21,40,970
88734525,21,40,970
88794569,21,40,969
88854615,21,40,970
88914659,21,40,969
88974705,21,39,969
89034750,21,39,968
89094797,21,40,968
89154841,21,40,968
89214887,21,39,968
89274931,21,39,968
89334977,21,39,970
89395029,21,40,968
89455074,21,39,968
89515119,22,41,968
89575164,21,39,968
89635209,21,40,968
89695254,21,39,968
89755299,21,40,967
89815344,22,41,968
89875389,21,40,969
89935434,21,39,968
89995479,21,40,968
90055526,21,40,968
90115572,22,40,968
90175617,22,40,968
90235662,22,42,968
90295707,23,40,968
90355752,22,39,968
90415800,22,39,968
90475848,22,38,968
90535895,22,38,970
90595940,22,38,968
90655985,23,38,968
90716030,23,37,968
90776076,23,38,968
90836121,23,38,968
90896166,23,37,968
90956217,23,37,967
91016264,23,37,968
91076307,23,37,967
91136353,22,54,968
91196397,22,59,967
91256443,22,58,968
91316487,22,57,968
91376533,22,56,968
91436577,22,56,967
91496623,22,55,967
91556667,22,54,967
91616713,22,53,967
91676757,22,53,967
91736803,22,53,967
91796847,22,52,967
91856895,22,52,967
91916941,22,51,967
91976986,23,50,967
92037031,23,50,967
92097077,23,48,968
92157122,23,48,967
92217168,22,63,967
92277212,22,69,967
92337257,21,68,967
92397302,21,66,967
92457354,22,66,967
92517398,22,67,967
92577444,22,65,970
92637489,21,63,967
92697536,22,63,967
92757579,22,63,967
92817625,22,61,967
92877670,22,60,967
92937716,22,60,967
92997759,22,59,966
93057806,22,59,967
93117849,22,58,967
93177895,22,58,967
93237940,22,59,967
93297985,22,58,967
93358030,22,58,967
93418076,22,57,966
93478246,22,57,967
93538417,22,57,966
93598501,22,57,968
93658553,22,57,966
93718598,22,56,967
93778644,22,55,967
93838692,22,55,966
93898741,22,55,967
93958785,22,55,967
94018837,22,54,967
94078882,22,54,967
94138927,22,55,967
94198972,22,55,968
94259017,21,53,967
94319062,21,53,967
94379108,22,54,966
94439153,21,54,967
94499198,21,53,967
94559243,21,53,967
94619288,21,54,967
94679333,21,53,966
94739378,21,53,967
94799423,21,53,967
94859468,21,53,968
94919513,21,53,967
94979558,21,52,966
95039604,21,52,966
95099649,21,51,966
95159694,21,51,966
95219739,21,51,966
95279784,21,51,967
95339829,21,51,967
95399874,21,51,967
95459921,21,51,967
95519967,21,51,967
95580019,21,51,966
95640063,20,50,967
95700110,21,51,967
95760154,21,50,968
95820200,21,50,967
95880244,21,51,968
95940290,21,50,967
96000334,20,49,967
96060380,21,50,967
96120424,21,50,968
96180471,20,49,968
96240514,20,49,968
96300560,20,48,968
96360604,20,49,968
96420650,20,48,967
96480694,20,48,968
96540740,20,48,968
96600784,20,48,968
96660830,20,48,968
96720874,20,48,967
96780920,21,49,968
96840965,20,47,968
96901011,20,47,968
96961055,20,48,968
97021101,20,48,968
97081156,21,48,968
97141205,20,48,968
97201254,21,48,968
97261305,20,48,967
97321349,20,47,968
97381395,20,47,968
97441439,20,47,968
97501485,20,47,968
97561529,20,47,967
97621575,20,47,968
97681619,20,47,967
97741665,20,47,967
97801709,20,48,968
97861755,20,47,968
97921799,20,47,968
97981845,20,47,968
98041889,20,48,968
98101935,20,47,968
98161979,20,47,968
98222025,20,47,968
98282069,20,47,968
98342115,20,47,968
98402158,20,47,968
98462204,20,47,968
98522249,19,47,968
98582295,19,47,968
98642406,19,47,969
98702453,19,47,968
98762500,19,47,969
98822546,19,47,968
98882593,19,48,968
98942639,19,47,969
99002686,20,45,970
99062734,22,42,968
99122780,22,39,970
99182828,22,39,968
99242873,22,40,969
99302922,22,41,968
99362967,21,40,968
99423015,21,43,968
99483060,20,42,968
99543109,20,43,968
99603154,19,43,969
99663202,20,44,968
99723247,20,45,968
99783295,19,45,969
99843340,19,45,968
99903388,20,46,968
99963433,19,46,969
100023481,19,46,968
100083527,19,46,968
100143580,19,46,968
100203627,20,45,968
100263674,19,45,968
100323721,20,43,968
100383768,22,38,970
100443815,24,32,968
100503862,25,31,970
100563909,24,32,969
100623956,23,34,968
100684003,22,36,969
100744050,22,37,968
100831003,21,37,970
100891050,21,39,970
100951098,21,40,973
101011145,20,40,968
101071191,20,40,969
101131238,20,41,968
101191286,20,41,969
101251332,20,42,968
101311379,20,43,968
101371426,19,42,968
101431473,19,43,968
101491520,19,43,968
101551567,19,43,968
101611614,19,43,968
101671667,19,43,968
101731715,19,43,968
101791761,19,44,969
101851809,19,43,970
101911855,21,40,970
101971903,23,34,970
102031949,24,30,970
102091997,24,30,970
102152043,23,32,971
102212091,23,33,971
102272137,22,35,971
102332185,22,37,971
102392231,21,37,971
102452279,21,38,970
102512326,21,38,970
102572374,20,37,971
102632422,20,38,970
102692469,20,39,970
102752516,20,39,973
102812563,20,39,972
102872610,20,39,973
102932657,20,39,973
102992704,19,40,973
103052751,19,40,973
103112803,19,40,974
103172851,19,40,974
103232897,19,40,974
103292945,19,40,974
103352991,19,40,974
103413039,19,41,975
103473085,19,40,975
103533134,22,37,974
103593179,24,31,974
103653227,25,28,975
103713273,25,38,974
103773321,23,47,974
103833367,22,47,973
103893415,21,45,973
103953462,21,48,973
104013511,20,49,974
104073558,20,51,973
104133608,20,53,974
104193655,19,53,973
104253705,19,53,973
104313752,19,53,974
104373802,19,53,974
104433851,19,53,974
104493901,19,53,974
104553948,19,53,974
104613995,19,53,974
104674042,19,52,974
104734092,22,46,974
104794139,23,41,974
104854189,23,41,973
104914236,22,42,974
104974286,22,44,973
105034333,21,44,974
105094383,21,45,974
105154430,20,45,973
105214480,20,46,973
105274528,20,46,973
105334577,20,46,974
105394624,20,46,974
105454673,20,46,974
105514720,20,46,974
105574769,19,46,974
105634816,20,46,974
105694865,19,46,974
105754912,19,46,973
105814962,19,46,973
105875009,19,47,975
105935060,19,46,974
105995107,22,42,975
106055162,23,38,975
106115210,23,38,974
106175259,22,39,975
106235309,22,40,975
106295368,21,40,974
106355416,21,42,974
106415464,20,41,974
106475512,20,42,974
106535560,20,43,974
106595608,20,43,975
106655656,19,43,975
106715707,19,43,974
106775759,19,44,974
106835807,19,44,974
106895856,19,44,973
106955905,19,44,974
107015953,19,45,974
107076001,19,45,975
107136050,19,45,975
107196099,22,41,975
107256148,24,34,976
107316196,25,29,976
107376245,24,40,974
107436293,23,52,974
107496348,22,53,974
107556395,21,51,974
107616445,20,50,974
107676492,20,52,973
107736542,20,54,974
107796589,20,55,974
107856639,19,56,974
107916686,19,57,974
107976736,19,56,973
108036785,19,56,974
108096836,19,56,973
108156883,19,56,974
108216933,19,55,974
108276980,22,49,974
108337030,23,43,974
108397077,23,43,974
108457127,22,44,974
108517174,21,45,974
108577224,21,47,974
108637271,20,48,974
108697321,20,48,974
108757368,20,49,974
108817418,19,50,974
108877466,19,50,974
108937515,19,50,974
108997569,19,50,974
109057620,19,50,974
109117671,19,50,974
109177720,19,50,974
109237769,19,49,975
109297817,22,44,974
109357866,24,36,976
109417915,25,31,975
109477964,25,33,974
109538012,23,51,974
109598061,21,57,973
109658111,21,59,974
109718159,20,59,974
109778208,20,59,973
109838260,19,59,974
109898308,19,58,973
109958355,20,58,973
110018402,19,57,974
110078449,19,56,973
110138496,22,49,974
110198543,24,40,974
110258589,26,36,973
110318639,24,36,974
110378687,23,39,974
110438740,23,42,974
110498788,22,45,973
110558834,21,46,974
110618883,21,47,974
110678930,20,47,974
110738978,20,48,973
110799025,19,47,974
110859074,19,48,974
110919121,19,47,974
110979170,19,47,973
111039216,19,47,975
111099265,19,45,974
111159310,22,40,975
111219358,24,33,975
111279405,25,29,976
111339454,25,30,976
111399500,23,42,974
111459549,22,55,974
111519596,21,58,974
111579645,20,58,974
111639692,20,59,973
111699740,19,57,974
111759786,19,57,974
111819834,19,56,973
111879886,20,53,973
111939933,22,46,973
111999980,25,37,975
112060027,26,34,974
112120074,25,34,975
112180121,24,43,974
112240168,22,58,974
112300215,21,62,974
112360262,20,62,973
112420309,20,64,973
112480356,20,63,974
112540403,19,60,974
112600450,19,60,974
112660497,20,57,973
112720544,22,49,975
112780591,25,40,974
112840638,25,36,974
112900685,25,36,974
112960732,23,50,974
113020779,22,62,974
113080826,21,63,973
113140873,20,64,973
113200920,20,65,974
113260967,19,63,974
113321014,19,62,974
113381068,19,61,974
113441226,20,60,974
113501274,22,53,975
113561320,25,42,974
113621368,26,38,974
113681413,25,38,974
113741461,23,53,973
113801507,22,64,973
113861555,21,67,973
113921601,20,65,974
113981649,19,68,973
114041695,19,67,974
114101743,19,63,974
114161789,20,61,974
114221837,22,54,974
114281883,25,44,973
114341931,26,40,973
114401976,25,40,974
114462024,24,43,974
114522070,22,59,974
114582118,21,65,973
114642164,20,68,974
114702212,20,68,973
114762258,19,70,973
114822312,19,67,974
114882359,19,66,973
114942406,20,63,973
115002453,22,55,974
115062500,25,45,974
115122547,25,40,974
115182594,25,41,973
115242643,24,44,974
115302690,23,47,974
115362737,22,50,974
115422784,21,51,974
115482831,20,48,974
115542878,20,50,973
115602925,20,50,973
115662972,20,52,973
115723019,19,52,973
115783067,20,52,973
115843113,19,52,974
115903160,19,52,974
115963207,19,52,973
116023256,20,49,973
116083305,22,43,973
116143352,24,35,975
116203399,25,32,974
116263446,24,33,974
116323499,23,49,974
116383547,22,58,973
116443593,21,60,973
116503641,20,61,973
116563687,20,60,973
116623735,19,59,973
116683781,20,58,974
116743829,19,58,974
116803875,20,55,974
116863923,22,47,973
116923969,24,39,974
116984017,24,34,974
117044065,24,36,974
117104113,23,39,974
117164159,22,41,974
117224207,22,44,974
117284253,21,43,974
117344301,21,45,974
117404347,20,44,975
117464395,20,46,974
117524441,20,46,974
117584489,19,47,975
117644535,19,47,974
117704583,19,47,974
117764635,19,47,974
117824682,19,48,974
117884729,20,45,974
117944776,22,40,975
118004823,24,32,975
118064869,25,29,974
118124916,24,30,974
118184963,23,33,974
118245010,22,35,975
118305057,22,38,976
118365104,21,39,975
118425151,20,38,975
118485198,20,39,974
118545245,20,40,975
118605292,20,41,975
118665339,19,41,975
118725386,19,41,975
118785433,20,42,975
118845482,19,42,975
118905539,20,39,975
118965588,22,35,975
119025635,24,29,977
119085682,25,28,977
119145729,24,29,975
119205781,23,34,975
119265829,22,51,975
119325875,20,55,975
119385923,20,55,975
119445969,19,56,974
119506017,19,56,974
119566063,19,53,974
119626111,20,50,974
119686157,22,43,975
119746205,25,35,975
119806251,25,32,975
119866299,24,33,971
119926345,23,48,973
119986393,22,58,971
120046439,21,61,971
120106487,20,60,972
120166533,20,61,970
120226581,19,60,973
120286627,19,59,971
120346676,19,58,973
120406721,19,58,973
120466769,20,54,973
120526815,23,46,973
120586863,25,38,974
120646911,25,34,973
120706969,24,36,973
120767019,23,39,973
120827072,22,42,973
120887123,22,44,973
120947176,21,44,973
121007227,21,43,973
121067280,20,45,973
121127331,20,45,973
121187385,19,46,972
121247435,19,46,973
121307488,19,46,973
121367539,19,47,972
121427709,19,47,973
121487820,20,44,973
121547912,22,38,973
121607963,24,31,974
121668017,25,29,974
121728068,24,30,974
121788122,24,33,973
121848173,22,35,973
121908227,22,37,975
121968278,21,37,974
122028332,20,38,974
122088386,20,38,974
122148448,20,40,974
122208495,19,40,974
122268542,19,41,974
122328589,19,41,974
122388759,19,42,974
122448930,20,38,974
122508977,23,33,974
122569024,24,28,976
122629071,25,27,975
122689118,24,29,976
122749165,23,29,976
122809212,22,32,975
122869261,21,33,976
122929311,21,34,974
122989357,20,35,975
123049404,20,35,974
123109451,20,36,975
123169498,19,37,975
123229546,19,38,974
123289593,19,38,973
123349639,19,38,974
123409686,20,35,975
123469734,22,31,976
123529781,25,27,975
123589834,25,25,975
123649880,24,26,977
123709929,23,29,975
123769975,22,30,976
123830023,21,31,976
123890069,21,32,976
123950117,20,32,976
124010163,20,34,976
124070211,20,35,977
124130257,19,35,976
124190305,19,36,976
124250353,19,36,976
124310401,19,36,976
124370447,20,34,977
124430495,23,30,976
124490542,25,26,977
124550590,25,24,977
124610637,24,25,976
124670685,23,28,977
124730732,22,28,976
124790780,21,29,977
124850826,21,31,976
124910874,20,31,977
124970919,20,32,976
125030967,20,33,976
125091019,20,34,977
125151066,19,34,976
125211113,19,34,976
125271160,19,36,976
125331207,19,35,976
125391254,20,33,976
125451301,22,29,976
125511348,24,26,977
125571395,25,24,977
125631443,24,25,977
125691490,23,27,976
125751536,22,28,977
125811584,21,29,977
125871630,21,30,977
125931677,20,31,977
125991724,20,32,976
126051773,20,32,976
126111821,19,33,976
126171868,19,34,976
126231915,19,34,976
126291962,19,35,977
126352009,19,35,976
126412057,20,32,976
126472104,22,29,977
126532157,24,25,976
126592206,25,23,977
126652252,24,24,976
126712300,23,27,976
126772347,22,29,977
126832394,21,28,976
126892443,20,29,975
126952495,20,30,975
127012541,20,31,977
127072589,20,32,976
127132635,19,33,976
127192684,19,34,976
127252729,19,34,976
127312777,19,34,975
127372823,19,34,975
127432871,20,31,974
127492917,22,29,975
127552965,25,24,976
127613011,25,22,976
127673059,24,24,976
127733105,23,26,976
127793154,23,28,976
127853201,21,27,977
127913250,21,29,976
127973296,20,29,975
128033350,20,30,976
128093398,20,31,976
128153445,19,32,977
128213492,19,33,977
128273539,19,33,976
128333587,19,34,977
128393634,20,31,975
128453681,23,29,976
128513728,25,23,977
128573775,25,22,975
128633823,24,23,975
128693870,23,26,974
128753917,22,28,974
128813964,21,27,976
128874011,21,29,975
128934058,20,29,975
128994105,20,30,976
129054152,20,31,975
129114199,19,32,975
129174246,19,32,976
129234293,19,32,976
129294340,18,33,975
129354387,20,30,976
129414435,23,27,975
129474488,25,22,977
129534534,25,21,978
129594582,24,22,977
129654630,23,25,978
129714678,22,27,977
129774727,21,27,977
129834778,21,28,978
129894824,20,28,978
129954872,20,30,976
130014918,20,31,977
130074967,19,31,976
130135012,19,32,977
130195061,19,31,976
130255106,20,29,975
130315155,23,27,975
130375200,25,22,977
130435248,25,21,977
130495294,24,22,976
130555342,23,25,976
130615388,22,27,977
130675436,21,28,976
130735482,21,28,975
130795530,20,28,976
130855576,20,30,976
130915630,19,30,976
130975678,19,31,976
131035725,19,31,977
131095772,19,32,976
131155818,19,32,977
131215865,20,29,974
131275944,23,27,975
131335991,25,22,976
131396038,25,21,977
131456087,24,22,975
131516134,23,25,976
131576182,22,27,976
131636228,20,27,975
131696279,21,28,976
131756329,20,28,976
131816376,20,29,976
131876423,19,30,975
131936470,19,31,975
131996517,19,31,976
132056564,19,31,975
132116611,20,28,975
132176658,23,26,976
132236705,24,22,976
132296752,25,20,976
132356799,24,22,976
132416853,23,25,974
132476902,22,27,975
132536947,21,28,974
132596995,20,28,975
132657041,20,28,974
132717089,20,29,974
132777136,19,30,975
132837183,19,31,975
132897230,19,31,975
132957277,20,27,975
133017323,23,25,975
133077371,25,20,975
133137417,27,17,975
133197465,27,17,975
133257513,25,24,974
133317561,23,37,973
133377607,22,40,972
133437654,21,40,973
133497701,20,41,974
133557748,20,42,974
133617795,19,42,973
133677842,19,42,974
133737889,20,38,974
133797936,23,32,973
133857990,25,29,973
133918037,25,27,973
133978083,24,29,974
134038132,22,30,973
134098177,22,32,973
134158225,21,33,973
134218271,21,34,973
134278319,20,34,973
134338365,20,36,973
134398413,19,36,973
134458459,19,37,973
134518507,19,37,974
134578554,19,37,974
134638601,21,34,974
134698647,23,29,974
134758695,26,25,974
134818741,27,21,974
134878789,27,21,973
134938835,24,32,973
134998883,23,41,973
135058931,21,43,972
135118978,21,45,972
135179025,20,46,971
135239072,19,45,971
135299120,19,45,972
135359164,19,46,971
135419211,21,42,971
135479258,23,35,973
135539305,24,29,973
135599352,25,28,971
135659400,24,30,971
135719448,23,33,972
135779495,22,35,974
135839542,21,36,971
135899589,20,36,971
135959636,20,37,970
136019683,20,38,971
136079730,19,39,971
136139777,19,39,971
136199825,19,39,970
136259871,21,36,972
136319918,23,30,971
136379965,25,28,972
136440012,24,26,973
136500059,24,28,971
136560106,23,29,971
136620274,22,32,973
136680380,21,32,973
136740551,20,32,972
136800763,20,34,973
136860813,19,35,971
136920863,19,35,970
136980908,19,36,973
137040957,19,36,973
137101003,21,33,971
137161052,23,28,972
137221098,26,24,973
137281146,27,20,973
137341192,26,20,973
137401241,25,22,973
137461287,24,25,971
137521335,22,28,973
137581381,22,28,975
137641429,21,29,973
137701475,20,29,973
137761523,20,30,972
137821569,20,31,972
137881617,19,32,971
137941663,19,33,972
138001711,19,33,973
138061757,19,33,973
138121805,21,30,971
138181852,23,27,973
138241905,25,22,973
138301952,24,22,973
138361999,24,23,973
138422046,23,26,975
138482094,22,28,973
138542141,22,28,971
138602188,20,27,972
138662237,21,29,972
138722285,20,30,971
138782332,20,30,973
138842379,20,31,971
138902426,19,32,971
138962473,19,32,970
139022520,19,33,971
139082567,19,33,973
139142614,20,32,971
139202661,22,29,971
139262708,24,25,973
139322755,25,22,972
139382803,25,23,972
139442887,24,25,971
139502934,22,42,970
139562981,21,43,970
139623028,20,44,970
139683075,20,46,970
139743127,20,50,970
139803175,20,46,970
139863223,19,46,970
139923275,19,47,970
139983321,20,44,970
140043369,22,39,970
140103416,25,31,970
140163463,26,30,970
140223509,25,37,968
140283558,24,51,969
140343603,22,54,970
140428097,22,54,968
140488144,21,55,968
140548193,21,54,968
140608242,21,54,968
140668294,21,54,969
140728340,20,54,968
140788388,20,54,968
140848434,20,54,968
140908482,20,54,968
140968528,20,54,968
141028576,20,54,968
141088622,20,53,968
141148670,20,53,968
141208723,20,53,968
141268770,20,52,968
141328817,20,52,968
141388864,20,52,969
141448911,21,52,968
141508958,20,51,968
141569005,20,50,968
141629052,20,50,969
141689100,20,50,968
141749147,20,49,968
141809194,20,49,968
141869241,20,49,968
141929289,20,49,968
141989336,20,48,968
142049384,19,47,970
142109430,20,47,968
142169477,20,46,968
142229526,20,46,968
142289573,21,46,968
142349621,20,45,968
142409667,21,45,968
142469716,21,44,968
142529762,22,43,968
142589810,22,42,968
142649863,22,41,968
142709910,22,41,969
142769957,22,40,968
142830004,22,40,969
142890051,22,41,968
142950098,23,41,967
143010145,22,40,968
143070193,23,39,968
143130241,23,38,969
143190288,23,38,969
143250336,23,37,968
143310383,23,37,969
143370431,23,37,969
143430478,23,36,969
143490525,24,36,969
143550572,24,35,969
143610619,24,34,970
143670666,24,33,968
143730713,25,33,968
143790760,24,46,968
143850807,24,52,968
143910854,24,51,968
143970901,24,47,968
144030950,24,47,968
144090998,24,45,968
144151052,24,44,968
144211098,25,43,968
144271146,25,42,968
144331193,26,42,968
144391240,26,41,969
144451286,26,40,970
144511334,26,39,969
144571381,25,40,968
144631428,25,55,968
144691474,24,60,967
144751522,24,57,968
144811568,25,56,968
144871616,25,54,967
144931662,25,53,968
144991710,26,53,967
145051756,26,51,967
145111804,26,52,968
145171850,26,52,967
145231898,25,52,968
145291944,25,51,968
145351992,27,49,968
145412038,26,47,968
145472086,27,45,970
145532132,27,43,970
145592242,27,42,970
145652290,27,41,970
145712338,26,41,968
145772387,27,41,970
145832437,27,40,970
145892486,27,39,970
145952535,28,39,970
146012583,27,38,968
146072632,26,57,967
146132681,25,59,968
146192730,25,58,967
146252779,26,58,966
146312827,26,56,967
146372876,26,56,968
146432924,26,54,968
146492973,27,53,970
146553021,27,50,970
146613070,28,47,969
146673118,28,42,969
146733167,28,39,969
146793215,29,37,969
146853263,29,35,968
146913311,29,51,969
146973360,28,53,968
147033408,27,52,968
147093462,27,54,971
147153513,27,53,968
147213560,27,51,968
147273610,27,49,970
147333658,27,46,970
147393708,28,46,970
147453756,28,45,972
147513806,28,45,971
147573854,28,42,970
147633906,28,40,970
147693956,28,41,970
147754008,28,51,968
147814057,27,55,967
147874109,27,55,970
147934159,27,54,968
147994211,27,52,968
148054260,27,53,970
148114312,27,51,969
148174361,27,49,968
148234413,27,48,969
148294462,27,48,970
148354514,27,46,968
148414566,27,45,970
148474620,27,41,968
148534677,26,60,967
148594852,25,63,968
148655024,25,61,970
148715113,26,61,968
148775163,26,54,968
148835213,27,53,968
148895264,27,51,967
148955314,27,48,967
149015364,27,47,968
149075415,28,45,970
149135465,28,44,968
149195515,28,42,969
149255565,28,42,968
149315615,27,54,967
149375666,27,57,967
149435718,27,57,967
149495768,27,56,967
149555817,26,55,968
149615866,27,53,968
149675917,27,51,968
149735968,27,50,968
149796017,27,50,968
149856190,27,47,968
149916362,27,41,968
149976450,27,56,968
150036500,25,57,968
150096548,25,61,968
150156598,26,62,968
150216646,26,61,969
150276696,26,59,968
150336744,26,56,969
150396794,26,53,968
150456842,26,51,968
150516892,27,50,968
150576942,27,47,968
150636995,27,46,968
150697043,27,45,968
150757093,27,41,967
150817141,27,40,968
150877191,27,41,968
150937239,27,56,968
150997289,26,59,968
151057337,26,59,968
151117387,26,57,968
151177435,26,57,968
151237487,27,54,968
151297537,27,52,967
151357703,27,51,967
151417814,27,50,967
151477911,27,49,967
151538087,27,47,967
151598266,27,45,967
151658352,27,42,967
151718403,28,44,968
151778455,28,46,968
151838509,27,54,968
151898558,26,60,968
151958609,26,58,968
152018659,26,58,968
152078711,27,56,966
152138759,26,54,967
152198811,27,52,966
152258860,28,51,967
152318911,28,48,967
152378960,28,47,967
152439012,29,47,967
152499062,29,45,968
152559113,28,37,966
152619162,28,54,968
152679214,28,57,968
152739263,28,56,968
152799315,28,53,967
152859364,29,52,968
152919421,29,49,968
152979471,30,45,968
153039523,30,42,968
153099575,30,51,969
153159624,29,56,968
153219673,29,57,968
153279722,29,56,968
153339772,29,56,967
153399821,30,53,968
153459870,29,49,967
153519920,29,47,968
153579970,29,45,968
153640019,29,56,969
153700068,28,61,968
153760118,28,62,968
153820167,27,60,968
153880216,28,60,968
153940266,28,57,968
154000316,28,52,968
154060365,28,50,968
154120414,29,50,968
154180463,29,44,968
154240513,29,47,968
154300563,29,44,968
154360619,29,45,970
154420667,29,46,968
154480718,30,47,969
154540766,30,48,969
154600817,30,46,968
154660865,30,42,968
154720917,30,44,968
154780965,30,45,968
154841017,31,43,969
154901068,30,42,968
154961117,29,49,970
155021166,28,53,968
155081215,27,64,967
155141264,27,65,968
155201313,27,63,968
155261362,27,60,967
155321411,27,59,970
155381461,28,60,968
155441510,27,58,969
155501558,28,56,968
155561608,28,55,968
155621658,29,53,967
155681707,29,52,968
155741756,29,50,968
155801805,29,49,970
155861860,29,48,968
155921910,29,47,971
155981959,29,45,971
156042010,30,45,970
156102058,30,44,970
156162109,30,43,970
156222157,30,44,973
156282208,29,54,973
156342256,27,52,971
156402306,26,62,971
156462354,25,68,971
156522404,26,67,971
156582452,25,65,970
156642505,25,61,970
156702554,26,60,970
156762604,26,58,970
156822652,27,55,970
156882703,27,53,974
156942751,27,52,970
157002802,28,52,970
157062850,28,51,970
157122901,28,49,970
157182949,28,47,970
157243000,29,47,970
157303055,28,45,970
157363104,28,44,970
157423153,29,44,970
157483202,29,45,970
157543250,29,44,969
157603300,29,41,970
157663349,29,40,971
157723398,29,44,968
157783447,29,40,969
157843496,29,56,968
157903545,28,61,968
157963594,28,60,968
158023643,28,59,968
158083692,28,58,968
158143742,28,57,969
158203791,28,56,969
158263840,28,55,969
158323889,28,53,968
158383938,28,50,968
158443988,28,50,968
158504039,28,48,972
158564088,29,47,968
158624137,28,44,968
158684186,28,44,968
158744236,28,56,968
158804292,28,63,970
158864341,27,62,968
158924392,27,61,968
158984440,27,59,970
159044491,28,58,968
159104539,28,56,968
159164589,28,55,968
159224637,29,54,968
159284688,28,52,968
159344736,29,51,970
159404786,28,50,968
159464834,28,47,968
159524885,28,46,968
159584933,28,39,968
159644984,28,62,967
159705032,27,63,967
159765083,27,62,967
159825131,28,61,967
159885182,27,58,967
159945230,27,57,967
160005281,27,57,970
160065329,28,55,968
160125379,28,55,968
160185427,28,51,968
160245487,28,50,968
160305537,28,49,968
160365586,28,48,967
160425635,28,60,968
160485686,27,65,967
160545734,26,65,968
160605784,26,64,967
160665833,26,62,967
160725884,27,60,967
160785932,27,59,967
160845983,27,58,967
160906032,27,56,968
160966083,27,54,967
161026131,27,53,968
161086182,27,51,968
161146229,28,48,968
161206280,28,48,968
161266328,27,56,968
161326378,26,64,967
161386426,26,64,968
161446477,26,63,967
161506525,26,62,967
161566576,26,61,967
161626624,27,60,967
161686680,27,59,967
161746730,27,56,967
161806780,27,56,968
161866829,27,54,968
161926878,27,52,968
161986927,27,51,967
162046977,27,49,970
162107028,27,48,967
162167077,26,62,967
162227127,26,64,968
162287176,26,63,967
162347226,26,62,967
162407275,26,60,967
162467325,27,59,967
162527375,27,58,968
162587424,27,56,967
162647473,27,54,967
162707523,27,52,969
162767573,28,54,968
162827623,27,48,968
162887672,27,48,968
162947721,27,59,967
163007770,26,65,967
163067820,26,64,968
163127870,26,64,968
163187925,26,62,967
163247976,26,60,967
163308027,26,59,967
163368082,26,57,968
163428130,26,57,967
163488181,26,55,968
163548229,27,53,968
163608280,26,52,967
163668328,27,53,968
163728379,27,51,967
163788427,27,47,967
163848479,27,46,967
163908529,27,46,967
163968580,27,44,967
164028628,26,43,970
164088679,27,42,968
164148727,27,41,968
164208778,27,45,968
164268826,26,55,968
164328877,25,55,968
164388926,25,56,968
164448977,26,59,967
164509025,26,59,968
164569076,26,59,967
164629131,26,59,968
164689182,27,56,968
164749233,27,54,968
164809285,27,52,968
164869336,27,51,968
164929387,27,49,968
164989439,27,48,971
165049490,28,46,968
165109541,28,44,968
165169592,28,41,968
165229643,28,40,968
165289694,28,39,968
165349745,28,39,968
165409796,27,54,968
165469847,27,56,968
165529898,27,56,968
165589949,27,57,968
165650001,27,55,968
165710050,27,53,968
165770100,27,50,968
165830148,26,52,971
165890198,27,48,968
165950246,27,44,969
166010296,27,44,969
166070344,27,44,969
166130392,27,41,968
166190441,27,39,968
166250492,27,41,968
166310539,27,40,968
166370589,28,39,968
166430638,28,39,968
166490688,27,53,968
166550736,27,59,968
166610786,26,59,968
166670835,26,58,968
166730885,26,58,968
166790933,26,56,968
166850983,27,54,968
166911032,26,51,969
166971082,27,49,970
167031130,27,48,968
167091180,27,45,969
167151228,27,43,968
167211278,27,41,973
167271326,28,40,968
167331376,28,40,969
167391424,27,54,968
167451477,27,55,970
167511527,27,55,970
167571589,27,54,968
167631644,27,54,971
167691699,27,52,968
167751754,28,50,971
167811809,28,50,968
167871864,28,48,968
167931919,28,47,968
167991974,28,47,968
168052029,28,46,968
168112084,28,45,968
168172139,28,44,968
168232194,28,44,968
168292249,27,57,968
168352304,26,61,968
168412359,26,61,968
168472414,26,60,968
168532469,26,60,968
168592524,26,60,968
168652579,26,58,968
168712635,27,53,968
168772690,27,52,968
168832745,27,52,968
168892800,27,50,968
168952855,27,48,969
169012917,27,48,968
169073089,27,47,968
169133264,27,47,968
169193349,27,47,968
169253401,27,46,968
169313450,27,47,968
169373499,26,43,968
169433548,25,61,968
169493598,25,67,968
169553647,25,65,967
169613697,25,63,968
169673745,25,62,968
169733795,25,60,971
